364,20
255,0,0
255,0,0
255,0,0
255,0,0
255,0,0
255,0,0
255,0,0
255,0,0
255,0,0
255,0,0
255,0,0
255,0,0
255,0,0
255,0,0
255,0,0
255,0,0
255,0,0
255,0,0
255,0,0
255,0,0
255,0,0
2,5,5
2,5,5
2,5,5
2,5,5
2,5,5
2,5,5
2,5,5
2,5,5
2,5,5
2,5,5
2,5,5
2,5,5
2,5,5
2,5,5
2,5,5
2,5,5
2,5,5
255,0,0
255,0,0
255,0,0
255,0,0
255,0,0
255,0,0
255,0,0
255,0,0
255,0,0
255,0,0
255,0,0
255,0,0
255,0,0
255,0,0
255,0,0
255,0,0
255,0,0
255,0,0
255,0,0
255,0,0
255,0,0
255,0,0
255,0,0
255,0,0
255,0,0
255,0,0
255,0,0
255,0,0
255,0,0
255,0,0
255,0,0
255,0,0
255,0,0
255,0,0
255,0,0
255,0,0
255,0,0
255,0,0
255,0,0
255,0,0
255,0,0
255,0,0
255,0,0
255,0,0
255,0,0
255,0,0
255,0,0
255,0,0
255,0,0
255,0,0
4,7,7
153,153,153
153,153,153
153,153,153
153,153,153
153,153,153
153,153,153
153,153,153
153,153,153
153,153,153
153,153,153
153,153,153
153,153,153
4,7,7
255,153,255
255,153,255
255,153,255
255,153,255
255,153,255
255,153,255
238,54,150
255,153,255
255,153,255
255,153,255
252,203,152
4,7,7
255,0,0
255,0,0
4,7,7
153,153,153
152,152,152
4,7,7
255,0,0
255,0,0
255,0,0
255,0,0
255,0,0
255,0,0
255,0,0
255,0,0
255,0,0
255,0,0
255,0,0
255,0,0
255,0,0
255,0,0
255,0,0
255,0,0
255,0,0
255,0,0
255,0,0
255,0,0
255,0,0
255,0,0
255,0,0
255,0,0
255,0,0
255,0,0
255,0,0
255,0,0
255,0,0
255,0,0
255,0,0
255,0,0
255,0,0
255,0,0
255,0,0
255,0,0
255,0,0
255,0,0
255,0,0
255,0,0
255,0,0
255,0,0
255,0,0
255,0,0
255,0,0
255,0,0
255,0,0
255,0,0
255,0,0
255,0,0
255,0,0
255,0,0
255,0,0
4,7,7
153,153,153
153,153,153
158,158,158
146,146,146
153,153,153
153,153,153
153,153,153
153,153,153
153,153,153
158,158,158
146,146,146
153,153,153
153,153,153
153,153,153
4,7,7
255,153,255
238,54,150
255,153,255
255,153,255
255,153,255
255,153,255
255,153,255
255,153,255
255,153,255
252,203,152
4,7,7
4,7,7
4,7,7
4,7,7
153,153,153
152,152,152
4,7,7
255,0,0
255,0,0
255,0,0
255,0,0
255,0,0
255,0,0
255,0,0
255,0,0
255,0,0
255,0,0
255,0,0
255,0,0
255,0,0
255,0,0
255,0,0
255,0,0
255,0,0
255,0,0
255,0,0
4,7,7
252,203,152
253,204,153
253,204,153
255,153,255
255,153,255
255,153,255
255,153,255
255,153,255
255,153,255
255,153,255
255,153,255
255,153,255
255,153,255
255,153,255
255,153,255
255,153,255
253,204,153
253,204,153
252,203,152
4,7,7
255,0,0
255,0,0
255,0,0
255,0,0
255,0,0
255,0,0
255,0,0
255,0,0
255,0,0
255,0,0
255,0,0
255,0,0
255,0,0
255,0,0
255,0,0
255,0,0
255,0,0
255,0,0
255,0,0
255,0,0
255,0,0
255,0,0
255,0,0
255,0,0
255,0,0
255,0,0
255,0,0
255,0,0
255,0,0
255,0,0
255,0,0
255,0,0
255,0,0
255,0,0
255,0,0
255,0,0
255,0,0
255,0,0
255,0,0
255,0,0
4,7,7
153,153,153
153,153,153
153,153,153
153,153,153
4,7,7
4,7,7
4,7,7
4,7,7
153,153,153
153,153,153
153,153,153
153,153,153
4,7,7
255,153,255
255,153,255
255,153,255
255,153,255
255,153,255
255,153,255
255,152,255
255,153,255
255,153,255
255,153,255
252,203,152
4,7,7
255,0,0
255,0,0
255,0,0
4,7,7
4,7,7
255,0,0
255,0,0
255,0,0
255,0,0
255,0,0
255,0,0
255,0,0
255,0,0
255,0,0
255,0,0
255,0,0
255,0,0
255,0,0
255,0,0
255,0,0
255,0,0
255,0,0
255,0,0
255,0,0
255,0,0
255,0,0
255,0,0
255,0,0
255,0,0
255,0,0
255,0,0
255,0,0
255,0,0
255,0,0
255,0,0
255,0,0
255,0,0
255,0,0
255,0,0
255,0,0
255,0,0
255,0,0
255,0,0
255,0,0
255,0,0
255,0,0
255,0,0
255,0,0
255,0,0
255,0,0
255,0,0
255,0,0
255,42,0
255,42,0
255,42,0
255,42,0
255,42,0
255,42,0
255,42,0
255,42,0
255,42,0
255,42,0
255,42,0
255,42,0
255,42,0
255,42,0
255,42,0
255,42,0
255,42,0
255,42,0
255,42,0
255,42,0
4,7,7
253,204,153
253,204,153
253,204,153
253,204,153
253,204,153
253,204,153
253,204,153
253,204,153
253,204,153
253,204,153
253,204,153
253,204,153
253,204,153
253,204,153
253,204,153
253,204,153
253,204,153
4,7,7
255,42,0
255,42,0
255,42,0
255,42,0
255,42,0
255,42,0
255,42,0
255,42,0
255,42,0
255,42,0
255,42,0
255,42,0
255,42,0
255,42,0
255,42,0
255,42,0
255,42,0
255,42,0
255,42,0
255,42,0
255,42,0
255,42,0
255,42,0
255,42,0
255,42,0
255,42,0
255,42,0
255,42,0
255,42,0
255,42,0
255,42,0
255,42,0
255,42,0
255,42,0
255,42,0
255,42,0
255,42,0
255,42,0
255,42,0
255,42,0
255,42,0
255,42,0
255,42,0
255,42,0
255,42,0
255,42,0
255,42,0
255,42,0
4,7,7
153,153,153
153,153,153
158,158,158
146,146,146
153,153,153
153,153,153
153,153,153
153,153,153
153,153,153
158,158,158
146,146,146
153,153,153
153,153,153
153,153,153
4,7,7
255,153,255
238,54,150
255,153,255
255,153,255
255,153,255
255,153,255
255,153,255
255,153,255
255,153,255
252,203,152
4,7,7
4,7,7
4,7,7
4,7,7
153,153,153
152,152,152
4,7,7
255,42,0
255,42,0
255,42,0
255,42,0
255,42,0
255,42,0
255,42,0
255,42,0
255,42,0
255,42,0
255,42,0
255,42,0
255,42,0
255,42,0
255,42,0
255,42,0
255,42,0
255,42,0
255,42,0
255,42,0
255,42,0
255,42,0
255,42,0
255,42,0
255,42,0
255,42,0
255,42,0
255,42,0
255,42,0
255,42,0
255,42,0
255,42,0
255,42,0
255,42,0
255,42,0
255,42,0
255,42,0
255,42,0
255,42,0
255,42,0
255,42,0
255,42,0
255,42,0
255,42,0
255,42,0
255,42,0
255,42,0
255,42,0
255,42,0
255,42,0
255,42,0
255,42,0
255,42,0
4,7,7
153,153,153
153,153,153
4,7,7
255,255,255
153,153,153
154,154,154
153,153,153
153,153,153
153,153,153
0,0,0
255,255,255
153,153,153
153,153,153
153,153,153
4,7,7
255,153,255
255,153,255
255,153,255
255,153,255
255,153,255
255,153,255
255,153,255
238,54,150
255,153,255
252,203,152
4,7,7
153,153,153
153,153,153
153,153,153
153,153,153
4,7,7
255,42,0
255,42,0
255,42,0
255,42,0
255,42,0
255,42,0
255,42,0
255,42,0
255,42,0
255,42,0
255,42,0
255,42,0
255,42,0
255,42,0
255,42,0
255,42,0
255,42,0
255,42,0
255,42,0
255,42,0
4,7,7
252,203,152
253,204,153
255,153,255
255,153,255
255,153,255
255,153,255
255,153,255
238,54,150
255,153,255
255,153,255
238,54,150
255,153,255
255,153,255
255,153,255
255,153,255
255,153,255
255,153,255
253,204,153
252,203,152
4,7,7
255,42,0
255,42,0
255,42,0
255,42,0
255,42,0
255,42,0
255,42,0
255,42,0
255,42,0
255,42,0
255,42,0
255,42,0
255,42,0
255,42,0
255,42,0
255,42,0
255,42,0
255,42,0
255,42,0
255,42,0
255,42,0
255,42,0
255,42,0
255,42,0
255,42,0
255,42,0
255,42,0
255,42,0
255,42,0
255,42,0
255,42,0
255,42,0
255,42,0
255,42,0
255,42,0
255,42,0
255,42,0
255,42,0
255,42,0
255,42,0
4,7,7
153,153,153
153,153,153
153,153,153
153,153,153
153,153,153
153,153,153
153,153,153
153,153,153
153,153,153
153,153,153
153,153,153
153,153,153
4,7,7
255,153,255
255,153,255
255,153,255
255,153,255
255,153,255
255,153,255
238,54,150
255,153,255
255,153,255
255,153,255
252,203,152
4,7,7
255,42,0
255,42,0
4,7,7
153,153,153
152,152,152
4,7,7
255,42,0
255,42,0
255,42,0
255,42,0
255,42,0
255,42,0
255,42,0
255,42,0
255,42,0
255,42,0
255,42,0
255,42,0
255,42,0
255,42,0
255,42,0
255,42,0
255,42,0
255,42,0
255,42,0
255,42,0
255,42,0
255,42,0
255,42,0
255,42,0
255,42,0
255,42,0
255,42,0
255,42,0
255,42,0
255,42,0
255,42,0
255,42,0
255,42,0
255,42,0
255,42,0
255,42,0
255,42,0
255,42,0
255,42,0
255,42,0
255,42,0
255,42,0
255,42,0
255,42,0
255,42,0
255,42,0
255,118,0
255,118,0
255,118,0
255,118,0
255,118,0
255,118,0
255,118,0
255,118,0
255,118,0
255,118,0
255,118,0
255,118,0
255,118,0
255,118,0
255,118,0
255,118,0
255,118,0
255,118,0
255,118,0
4,7,7
252,203,152
253,204,153
253,204,153
255,153,255
255,153,255
255,153,255
255,153,255
255,153,255
255,153,255
255,153,255
255,153,255
255,153,255
255,153,255
255,153,255
255,153,255
255,153,255
253,204,153
253,204,153
252,203,152
4,7,7
255,118,0
255,118,0
255,118,0
255,118,0
255,118,0
255,118,0
255,118,0
255,118,0
255,118,0
255,118,0
255,118,0
255,118,0
255,118,0
255,118,0
255,118,0
255,118,0
255,118,0
255,118,0
255,118,0
255,118,0
255,118,0
255,118,0
255,118,0
255,118,0
255,118,0
255,118,0
255,118,0
255,118,0
255,118,0
255,118,0
255,118,0
255,118,0
255,118,0
255,118,0
255,118,0
255,118,0
255,118,0
255,118,0
255,118,0
255,118,0
255,118,0
255,118,0
255,118,0
255,118,0
255,118,0
255,118,0
255,118,0
4,7,7
153,153,153
153,153,153
4,7,7
255,255,255
153,153,153
154,154,154
153,153,153
153,153,153
153,153,153
0,0,0
255,255,255
153,153,153
153,153,153
153,153,153
4,7,7
255,153,255
255,153,255
255,153,255
255,153,255
255,153,255
255,153,255
255,153,255
238,54,150
255,153,255
252,203,152
4,7,7
153,153,153
153,153,153
153,153,153
153,153,153
4,7,7
255,118,0
255,118,0
255,118,0
255,118,0
255,118,0
255,118,0
255,118,0
255,118,0
255,118,0
255,118,0
255,118,0
255,118,0
255,118,0
255,118,0
255,118,0
255,118,0
255,118,0
255,118,0
255,118,0
255,118,0
255,118,0
255,118,0
255,118,0
255,118,0
255,118,0
255,118,0
255,118,0
255,118,0
255,118,0
255,118,0
255,118,0
255,118,0
255,118,0
255,118,0
255,118,0
255,118,0
255,118,0
255,118,0
255,118,0
255,118,0
255,118,0
255,118,0
255,118,0
255,118,0
255,118,0
255,118,0
255,118,0
255,118,0
255,118,0
255,118,0
255,118,0
255,118,0
255,118,0
255,118,0
4,7,7
153,153,153
153,153,153
4,7,7
4,7,7
153,153,153
4,7,7
152,152,152
153,153,153
153,153,153
0,0,0
0,0,0
153,153,153
153,153,153
153,153,153
4,7,7
255,153,255
255,153,255
255,153,255
255,152,255
255,153,255
255,153,255
255,153,255
255,153,255
255,153,255
252,203,152
4,7,7
153,153,153
152,152,152
4,7,7
4,7,7
255,118,0
255,118,0
255,118,0
255,118,0
255,118,0
255,118,0
255,118,0
255,118,0
255,118,0
255,118,0
255,118,0
255,118,0
255,118,0
255,118,0
255,118,0
255,118,0
255,118,0
255,118,0
255,118,0
255,118,0
255,118,0
4,7,7
252,203,152
255,153,255
255,153,255
255,153,255
255,153,255
255,152,255
255,152,255
255,153,255
255,153,255
255,153,255
255,153,255
255,153,255
255,153,255
255,153,255
255,153,255
238,54,150
255,153,255
255,153,255
252,203,152
4,7,7
255,118,0
255,118,0
255,118,0
255,118,0
255,118,0
255,118,0
255,118,0
255,118,0
255,118,0
255,118,0
255,118,0
255,118,0
255,118,0
255,118,0
255,118,0
255,118,0
255,118,0
255,118,0
255,118,0
255,118,0
255,118,0
255,118,0
255,118,0
255,118,0
255,118,0
255,118,0
255,118,0
255,118,0
255,118,0
255,118,0
255,118,0
255,118,0
255,118,0
255,118,0
255,118,0
255,118,0
255,118,0
255,118,0
255,118,0
4,7,7
153,153,153
153,153,153
158,158,158
146,146,146
153,153,153
153,153,153
153,153,153
153,153,153
153,153,153
158,158,158
146,146,146
153,153,153
153,153,153
153,153,153
4,7,7
255,153,255
238,54,150
255,153,255
255,153,255
255,153,255
255,153,255
255,153,255
255,153,255
255,153,255
252,203,152
4,7,7
4,7,7
4,7,7
4,7,7
153,153,153
152,152,152
4,7,7
255,118,0
255,118,0
255,118,0
255,118,0
255,118,0
255,118,0
255,118,0
255,118,0
255,118,0
255,118,0
255,118,0
255,118,0
255,118,0
255,118,0
255,118,0
255,118,0
255,118,0
255,118,0
255,118,0
255,118,0
255,118,0
255,118,0
255,118,0
255,118,0
255,118,0
255,118,0
255,118,0
255,118,0
255,118,0
255,118,0
255,118,0
255,118,0
255,118,0
255,118,0
255,118,0
255,118,0
255,118,0
255,118,0
255,118,0
255,118,0
255,118,0
255,118,0
255,118,0
255,118,0
255,118,0
255,118,0
255,195,0
255,195,0
255,195,0
255,195,0
255,195,0
255,195,0
255,195,0
255,195,0
255,195,0
255,195,0
255,195,0
255,195,0
255,195,0
255,195,0
255,195,0
255,195,0
255,195,0
255,195,0
255,195,0
4,7,7
252,203,152
253,204,153
255,153,255
255,153,255
255,153,255
255,153,255
255,153,255
238,54,150
255,153,255
255,153,255
238,54,150
255,153,255
255,153,255
255,153,255
255,153,255
255,153,255
255,153,255
253,204,153
252,203,152
4,7,7
255,195,0
255,195,0
255,195,0
255,195,0
255,195,0
255,195,0
255,195,0
255,195,0
255,195,0
255,195,0
255,195,0
255,195,0
255,195,0
255,195,0
255,195,0
255,195,0
255,195,0
255,195,0
255,195,0
255,195,0
255,195,0
255,195,0
255,195,0
255,195,0
255,195,0
255,195,0
255,195,0
255,195,0
255,195,0
255,195,0
255,195,0
255,195,0
255,195,0
255,195,0
255,195,0
255,195,0
255,195,0
255,195,0
255,195,0
255,195,0
255,195,0
255,195,0
255,195,0
255,195,0
255,195,0
255,195,0
255,195,0
4,7,7
153,153,153
153,153,153
4,7,7
4,7,7
153,153,153
4,7,7
152,152,152
153,153,153
153,153,153
0,0,0
0,0,0
153,153,153
153,153,153
153,153,153
4,7,7
255,153,255
255,153,255
255,153,255
255,152,255
255,153,255
255,153,255
255,153,255
255,153,255
255,153,255
252,203,152
4,7,7
153,153,153
152,152,152
4,7,7
4,7,7
255,195,0
255,195,0
255,195,0
255,195,0
255,195,0
2,5,5
2,5,5
2,5,5
2,5,5
2,5,5
2,5,5
2,5,5
2,5,5
2,5,5
2,5,5
2,5,5
2,5,5
2,5,5
2,5,5
2,5,5
2,5,5
2,5,5
255,195,0
255,195,0
255,195,0
255,195,0
255,195,0
255,195,0
255,195,0
255,195,0
255,195,0
255,195,0
255,195,0
255,195,0
255,195,0
255,195,0
255,195,0
255,195,0
255,195,0
255,195,0
255,195,0
255,195,0
255,195,0
255,195,0
255,195,0
255,195,0
255,195,0
255,195,0
255,195,0
255,195,0
255,195,0
255,195,0
255,195,0
255,195,0
255,195,0
4,7,7
245,151,153
245,151,153
153,153,153
166,166,166
153,153,153
153,153,153
166,166,166
153,153,153
153,153,153
166,166,166
153,153,153
245,151,153
245,151,153
153,153,153
4,7,7
255,153,255
255,153,255
255,153,255
238,54,150
255,153,255
255,153,255
255,152,255
255,153,255
255,153,255
252,203,152
4,7,7
4,7,7
4,7,7
255,195,0
255,195,0
255,195,0
255,195,0
255,195,0
255,195,0
255,195,0
255,195,0
255,195,0
255,195,0
255,195,0
255,195,0
255,195,0
255,195,0
255,195,0
255,195,0
255,195,0
255,195,0
255,195,0
4,7,7
4,7,7
255,195,0
255,195,0
4,7,7
252,203,152
255,153,255
255,153,255
238,54,150
255,152,255
4,7,7
4,7,7
255,153,255
255,153,255
255,153,255
255,153,255
255,153,255
255,153,255
255,153,255
255,153,255
255,153,255
255,153,255
255,153,255
252,203,152
4,7,7
255,195,0
255,195,0
255,195,0
255,195,0
255,195,0
255,195,0
255,195,0
255,195,0
255,195,0
255,195,0
255,195,0
255,195,0
255,195,0
255,195,0
255,195,0
255,195,0
255,195,0
255,195,0
255,195,0
255,195,0
255,195,0
255,195,0
255,195,0
255,195,0
255,195,0
255,195,0
255,195,0
255,195,0
255,195,0
255,195,0
255,195,0
255,195,0
255,195,0
255,195,0
255,195,0
255,195,0
255,195,0
255,195,0
255,195,0
4,7,7
153,153,153
153,153,153
4,7,7
255,255,255
153,153,153
154,154,154
153,153,153
153,153,153
153,153,153
0,0,0
255,255,255
153,153,153
153,153,153
153,153,153
4,7,7
255,153,255
255,153,255
255,153,255
255,153,255
255,153,255
255,153,255
255,153,255
238,54,150
255,153,255
252,203,152
4,7,7
153,153,153
153,153,153
153,153,153
153,153,153
4,7,7
255,195,0
255,195,0
255,195,0
255,195,0
255,195,0
255,195,0
255,195,0
255,195,0
255,195,0
255,195,0
255,195,0
255,195,0
255,195,0
255,195,0
255,195,0
255,195,0
255,195,0
255,195,0
255,195,0
255,195,0
255,195,0
255,195,0
255,195,0
255,195,0
255,195,0
255,195,0
255,195,0
255,195,0
255,195,0
255,195,0
255,195,0
255,195,0
255,195,0
255,195,0
255,195,0
255,195,0
255,195,0
255,195,0
255,195,0
255,195,0
255,195,0
255,195,0
255,195,0
255,195,0
255,195,0
255,195,0
255,195,0
255,239,0
255,239,0
255,239,0
255,239,0
255,239,0
255,239,0
255,239,0
255,239,0
255,239,0
255,239,0
255,239,0
255,239,0
255,239,0
255,239,0
255,239,0
255,239,0
255,239,0
255,239,0
255,239,0
4,7,7
252,203,152
255,153,255
255,153,255
255,153,255
255,153,255
255,152,255
255,152,255
255,153,255
255,153,255
255,153,255
255,153,255
255,153,255
255,153,255
255,153,255
255,153,255
238,54,150
255,153,255
255,153,255
252,203,152
4,7,7
255,239,0
255,239,0
255,239,0
255,239,0
255,239,0
255,239,0
255,239,0
255,239,0
255,239,0
255,239,0
255,239,0
255,239,0
255,239,0
255,239,0
255,239,0
255,239,0
255,239,0
255,239,0
255,239,0
255,239,0
255,239,0
255,239,0
255,239,0
255,239,0
255,239,0
255,239,0
255,239,0
255,239,0
255,239,0
255,239,0
255,239,0
255,239,0
255,239,0
255,239,0
255,239,0
255,239,0
255,239,0
255,239,0
255,239,0
255,239,0
255,239,0
255,239,0
255,239,0
255,239,0
255,239,0
255,239,0
255,239,0
4,7,7
245,151,153
245,151,153
153,153,153
166,166,166
153,153,153
153,153,153
166,166,166
153,153,153
153,153,153
166,166,166
153,153,153
245,151,153
245,151,153
153,153,153
4,7,7
255,153,255
255,153,255
255,153,255
238,54,150
255,153,255
255,153,255
255,152,255
255,153,255
255,153,255
252,203,152
4,7,7
4,7,7
4,7,7
255,239,0
255,239,0
255,239,0
255,239,0
255,239,0
255,239,0
4,7,7
253,204,153
253,204,153
253,204,153
253,204,153
253,204,153
253,204,153
253,204,153
253,204,153
253,204,153
253,204,153
253,204,153
253,204,153
253,204,153
253,204,153
253,204,153
253,204,153
253,204,153
4,7,7
255,239,0
255,239,0
255,239,0
255,239,0
255,239,0
255,239,0
255,239,0
255,239,0
255,239,0
255,239,0
255,239,0
255,239,0
255,239,0
255,239,0
255,239,0
255,239,0
255,239,0
255,239,0
247,229,0
185,160,9
149,121,12
137,107,13
136,106,14
150,122,12
177,151,9
221,202,3
255,239,0
255,239,0
255,239,0
255,239,0
255,239,0
255,239,0
0,0,0
251,154,156
188,107,116
110,94,102
20,6,14
113,98,105
113,98,105
8,6,9
159,159,159
159,159,159
4,7,7
153,153,153
247,150,153
167,93,102
109,92,101
19,5,14
168,92,161
168,92,161
168,92,161
255,153,255
255,153,255
255,152,255
238,54,150
168,92,161
165,120,99
163,118,98
20,5,14
165,139,10
200,177,6
255,239,0
255,239,0
165,139,10
165,139,10
165,139,10
165,139,10
165,139,10
165,139,10
165,139,10
165,139,10
165,139,10
165,139,10
165,139,10
255,239,0
255,239,0
255,239,0
255,239,0
255,239,0
4,7,7
153,153,153
153,153,153
0,0,0
255,239,0
4,7,7
252,203,152
255,153,255
255,153,255
255,155,255
0,0,0
153,153,153
153,153,153
4,7,7
255,153,255
255,153,255
255,153,255
255,153,255
255,153,255
255,153,255
255,153,255
255,153,255
255,153,255
255,153,255
252,203,152
4,7,7
211,191,4
175,150,9
139,109,13
155,128,11
190,166,7
224,206,3
255,239,0
255,239,0
255,239,0
255,239,0
161,134,11
169,144,9
169,144,9
169,144,9
223,205,3
255,239,0
255,239,0
255,239,0
255,239,0
255,239,0
168,143,10
160,133,11
158,131,11
158,131,11
241,224,1
225,207,3
165,139,10
165,139,10
165,139,10
165,139,10
165,139,10
165,139,10
165,139,10
165,139,10
165,139,10
165,139,10
165,139,10
255,239,0
255,239,0
20,5,14
110,94,102
113,97,106
18,5,13
18,5,13
112,97,105
18,5,13
116,102,110
125,114,120
141,136,139
0,0,0
0,0,0
153,153,153
153,153,153
153,153,153
4,7,7
255,153,255
255,153,255
255,153,255
255,152,255
255,153,255
255,153,255
255,153,255
255,153,255
255,153,255
252,203,152
4,7,7
153,153,153
152,152,152
4,7,7
4,7,7
255,239,0
255,239,0
255,239,0
255,239,0
255,239,0
255,239,0
255,239,0
255,239,0
255,239,0
255,239,0
255,239,0
2,5,5
2,5,5
2,5,5
2,5,5
2,5,5
2,5,5
2,5,5
2,5,5
2,5,5
2,5,5
2,5,5
2,5,5
2,5,5
2,5,5
2,5,5
2,5,5
2,5,5
255,239,0
255,239,0
255,239,0
255,239,0
255,239,0
255,239,0
255,239,0
255,239,0
255,239,0
255,239,0
255,239,0
255,239,0
255,239,0
255,239,0
255,239,0
255,239,0
255,239,0
255,239,0
255,239,0
255,239,0
252,255,0
252,255,0
252,255,0
252,255,0
252,255,0
252,255,0
252,255,0
252,255,0
252,255,0
252,255,0
252,255,0
252,255,0
252,255,0
252,255,0
252,255,0
4,7,7
4,7,7
252,255,0
252,255,0
4,7,7
252,203,152
255,153,255
255,153,255
238,54,150
255,152,255
4,7,7
4,7,7
255,153,255
255,153,255
255,153,255
255,153,255
255,153,255
255,153,255
255,153,255
255,153,255
255,153,255
255,153,255
255,153,255
252,203,152
4,7,7
252,255,0
252,255,0
252,255,0
252,255,0
252,255,0
252,255,0
252,255,0
252,255,0
252,255,0
252,255,0
252,255,0
252,255,0
252,255,0
252,255,0
252,255,0
252,255,0
252,255,0
252,255,0
252,255,0
252,255,0
2,5,5
2,5,5
2,5,5
2,5,5
2,5,5
2,5,5
2,5,5
2,5,5
2,5,5
2,5,5
2,5,5
2,5,5
2,5,5
2,5,5
2,5,5
2,5,5
2,5,5
252,255,0
252,255,0
252,255,0
252,255,0
252,255,0
252,255,0
252,255,0
252,255,0
252,255,0
252,255,0
0,0,0
251,154,156
248,150,153
153,153,153
4,7,7
159,159,159
159,159,159
4,7,7
159,159,159
159,159,159
4,7,7
153,153,153
247,150,153
247,150,153
156,156,156
3,6,6
255,153,255
255,153,255
255,153,255
255,153,255
255,153,255
255,152,255
238,54,150
255,153,255
253,204,153
252,203,152
4,7,7
252,255,0
252,255,0
252,255,0
252,255,0
252,255,0
252,255,0
252,255,0
4,7,7
252,203,152
253,204,153
253,204,153
255,153,255
255,153,255
255,153,255
255,153,255
255,153,255
255,153,255
255,153,255
255,153,255
255,153,255
255,153,255
255,153,255
255,153,255
255,153,255
253,204,153
253,204,153
252,203,152
4,7,7
252,255,0
252,255,0
252,255,0
252,255,0
252,255,0
252,255,0
252,255,0
252,255,0
252,255,0
252,255,0
252,255,0
252,255,0
252,255,0
252,255,0
252,255,0
252,255,0
174,160,9
48,8,24
45,4,26
45,4,26
45,4,26
45,4,26
45,4,26
45,4,26
45,4,26
160,143,10
252,255,0
252,255,0
252,255,0
252,255,0
252,255,0
252,255,0
2,4,4
63,29,47
45,4,26
45,4,26
45,4,26
45,4,26
24,3,16
2,5,5
2,5,5
2,5,5
153,153,153
153,153,153
75,46,62
45,4,26
45,4,26
45,4,26
45,4,26
45,4,26
227,132,225
255,152,255
255,152,255
193,108,188
45,4,26
45,4,26
45,4,26
45,4,26
45,4,26
143,122,13
252,255,0
252,255,0
45,4,26
45,4,26
45,4,26
45,4,26
45,4,26
45,4,26
45,4,26
45,4,26
45,4,26
45,4,26
45,4,26
222,219,3
252,255,0
252,255,0
252,255,0
252,255,0
4,7,7
153,153,153
153,153,153
153,153,153
3,5,5
4,7,7
252,204,152
255,153,255
255,153,255
3,5,5
153,153,153
153,153,153
153,153,153
4,7,7
255,153,255
255,153,255
255,153,255
238,54,150
255,153,255
255,153,255
255,153,255
255,153,255
255,153,255
255,153,255
202,155,121
35,3,21
45,4,26
45,4,26
45,4,26
45,4,26
45,4,26
45,4,26
115,89,16
217,212,3
252,255,0
252,255,0
46,5,25
45,4,26
45,4,26
45,4,26
134,111,14
252,255,0
252,255,0
252,255,0
252,255,0
231,230,2
45,4,26
45,4,26
45,4,26
45,4,26
246,248,0
177,164,8
45,4,26
45,4,26
45,4,26
45,4,26
45,4,26
45,4,26
45,4,26
45,4,26
45,4,26
45,4,26
65,28,22
252,255,0
252,255,0
39,4,23
45,4,26
45,4,26
45,4,26
45,4,26
45,4,26
45,4,26
45,4,26
45,4,26
45,4,26
84,57,71
143,139,141
245,151,153
245,151,153
153,153,153
4,7,7
255,153,255
255,153,255
255,153,255
238,54,150
255,153,255
255,153,255
255,152,255
255,153,255
255,153,255
252,203,152
4,7,7
4,7,7
4,7,7
252,255,0
252,255,0
252,255,0
252,255,0
252,255,0
252,255,0
252,255,0
252,255,0
252,255,0
252,255,0
252,255,0
252,255,0
4,7,7
253,204,153
253,204,153
253,204,153
253,204,153
253,204,153
253,204,153
253,204,153
253,204,153
253,204,153
253,204,153
253,204,153
253,204,153
253,204,153
253,204,153
253,204,153
253,204,153
253,204,153
4,7,7
252,255,0
252,255,0
252,255,0
252,255,0
252,255,0
252,255,0
252,255,0
252,255,0
252,255,0
252,255,0
252,255,0
252,255,0
252,255,0
252,255,0
252,255,0
252,255,0
252,255,0
252,255,0
252,255,0
207,255,0
207,255,0
207,255,0
207,255,0
207,255,0
207,255,0
207,255,0
207,255,0
207,255,0
207,255,0
207,255,0
207,255,0
207,255,0
207,255,0
4,7,7
153,153,153
153,153,153
0,0,0
207,255,0
4,7,7
252,203,152
255,153,255
255,153,255
255,155,255
0,0,0
153,153,153
153,153,153
4,7,7
255,153,255
255,153,255
255,153,255
255,153,255
255,153,255
255,153,255
255,153,255
255,153,255
255,153,255
255,153,255
252,203,152
4,7,7
207,255,0
207,255,0
207,255,0
207,255,0
207,255,0
207,255,0
207,255,0
207,255,0
207,255,0
207,255,0
207,255,0
207,255,0
207,255,0
207,255,0
207,255,0
207,255,0
207,255,0
207,255,0
207,255,0
4,7,7
253,204,153
253,204,153
253,204,153
253,204,153
253,204,153
253,204,153
253,204,153
253,204,153
253,204,153
253,204,153
253,204,153
253,204,153
253,204,153
253,204,153
253,204,153
253,204,153
253,204,153
4,7,7
207,255,0
207,255,0
207,255,0
207,255,0
207,255,0
207,255,0
207,255,0
207,255,0
207,255,0
207,255,0
2,4,4
154,154,154
153,153,153
2,5,5
2,5,5
2,5,5
2,5,5
2,5,5
2,5,5
2,5,5
153,153,153
153,153,153
154,154,154
2,5,5
255,152,255
255,152,255
255,152,255
255,152,255
255,152,255
255,152,255
255,152,255
255,152,255
253,204,153
253,204,153
253,204,153
4,7,7
207,255,0
207,255,0
207,255,0
207,255,0
207,255,0
207,255,0
207,255,0
4,7,7
252,203,152
253,204,153
255,153,255
255,153,255
255,153,255
255,153,255
255,153,255
238,54,150
255,153,255
255,153,255
238,54,150
255,153,255
255,153,255
255,153,255
255,153,255
255,153,255
255,153,255
253,204,153
252,203,152
4,7,7
207,255,0
207,255,0
207,255,0
207,255,0
207,255,0
207,255,0
207,255,0
207,255,0
207,255,0
207,255,0
207,255,0
207,255,0
207,255,0
207,255,0
207,255,0
133,141,11
45,4,26
45,4,26
45,4,26
45,4,26
45,4,26
45,4,26
45,4,26
45,4,26
45,4,26
45,4,26
126,130,12
207,255,0
207,255,0
207,255,0
207,255,0
207,255,0
177,209,4
45,4,26
45,4,26
45,4,26
45,4,26
45,4,26
52,14,34
153,153,153
153,153,153
153,153,153
153,153,153
153,153,153
32,4,20
45,4,26
45,4,26
45,4,26
45,4,26
45,4,26
161,116,96
252,203,152
252,203,152
133,88,79
45,4,26
45,4,26
45,4,26
45,4,26
45,4,26
121,122,13
207,255,0
207,255,0
45,4,26
45,4,26
45,4,26
45,4,26
45,4,26
45,4,26
45,4,26
45,4,26
45,4,26
45,4,26
45,4,26
183,219,3
207,255,0
207,255,0
207,255,0
207,255,0
4,7,7
153,153,153
153,153,153
153,153,153
153,153,153
4,7,7
4,7,7
4,7,7
4,7,7
153,153,153
153,153,153
153,153,153
153,153,153
4,7,7
255,153,255
255,153,255
255,153,255
255,153,255
255,153,255
255,153,255
255,152,255
255,153,255
255,153,255
172,95,165
45,4,26
45,4,26
45,4,26
45,4,26
45,4,26
45,4,26
45,4,26
45,4,26
45,4,26
45,4,26
166,192,5
207,255,0
118,118,13
45,4,26
45,4,26
45,4,26
57,23,23
207,255,0
207,255,0
207,255,0
207,255,0
137,147,10
45,4,26
45,4,26
45,4,26
82,61,19
207,255,0
148,164,8
45,4,26
45,4,26
45,4,26
45,4,26
45,4,26
45,4,26
45,4,26
45,4,26
45,4,26
45,4,26
60,28,22
207,255,0
207,255,0
39,3,22
45,4,26
45,4,26
45,4,26
45,4,26
45,4,26
45,4,26
45,4,26
45,4,26
45,4,26
45,4,26
65,32,50
247,150,153
247,150,153
156,156,156
3,6,6
255,153,255
255,153,255
255,153,255
255,153,255
255,153,255
255,152,255
238,54,150
255,153,255
253,204,153
252,203,152
4,7,7
207,255,0
207,255,0
207,255,0
207,255,0
207,255,0
207,255,0
207,255,0
207,255,0
207,255,0
207,255,0
207,255,0
207,255,0
207,255,0
4,7,7
252,203,152
253,204,153
253,204,153
255,153,255
255,153,255
255,153,255
255,153,255
255,153,255
255,153,255
255,153,255
255,153,255
255,153,255
255,153,255
255,153,255
255,153,255
255,153,255
253,204,153
253,204,153
252,203,152
4,7,7
207,255,0
207,255,0
207,255,0
207,255,0
207,255,0
207,255,0
207,255,0
207,255,0
207,255,0
207,255,0
207,255,0
207,255,0
207,255,0
207,255,0
207,255,0
207,255,0
207,255,0
207,255,0
145,255,0
145,255,0
145,255,0
145,255,0
145,255,0
145,255,0
145,255,0
145,255,0
145,255,0
145,255,0
145,255,0
145,255,0
145,255,0
145,255,0
4,7,7
153,153,153
153,153,153
153,153,153
3,5,5
4,7,7
252,204,152
255,153,255
255,153,255
3,5,5
153,153,153
153,153,153
153,153,153
4,7,7
255,153,255
255,153,255
255,153,255
238,54,150
255,153,255
255,153,255
255,153,255
255,153,255
255,153,255
255,153,255
252,203,152
4,7,7
145,255,0
145,255,0
145,255,0
145,255,0
145,255,0
145,255,0
145,255,0
145,255,0
145,255,0
145,255,0
145,255,0
145,255,0
145,255,0
145,255,0
145,255,0
145,255,0
145,255,0
145,255,0
4,7,7
252,203,152
253,204,153
253,204,153
255,153,255
255,153,255
255,153,255
255,153,255
255,153,255
255,153,255
255,153,255
255,153,255
255,153,255
255,153,255
255,153,255
255,153,255
255,153,255
253,204,153
253,204,153
252,203,152
4,7,7
145,255,0
145,255,0
145,255,0
145,255,0
145,255,0
145,255,0
145,255,0
145,255,0
145,255,0
145,255,0
4,7,7
153,153,153
153,153,153
153,153,153
153,153,153
153,153,153
153,153,153
153,153,153
153,153,153
153,153,153
153,153,153
4,7,7
252,203,152
252,203,152
252,203,152
252,203,152
252,203,152
252,203,152
252,203,152
252,203,152
252,203,152
252,203,152
252,203,152
4,7,7
4,7,7
145,255,0
145,255,0
145,255,0
145,255,0
145,255,0
145,255,0
145,255,0
4,7,7
252,203,152
255,153,255
255,153,255
255,153,255
255,153,255
255,152,255
255,152,255
255,153,255
255,153,255
255,153,255
255,153,255
255,153,255
255,153,255
255,153,255
255,153,255
238,54,150
255,153,255
255,153,255
252,203,152
4,7,7
145,255,0
145,255,0
145,255,0
145,255,0
145,255,0
145,255,0
145,255,0
145,255,0
145,255,0
145,255,0
145,255,0
145,255,0
145,255,0
145,255,0
117,184,6
45,4,26
45,4,26
45,4,26
45,4,26
78,88,16
99,141,11
90,119,13
65,54,20
45,4,26
45,4,26
45,4,26
45,4,26
142,249,0
145,255,0
145,255,0
145,255,0
145,255,0
87,112,14
45,4,26
45,4,26
45,4,26
45,4,26
45,4,26
45,4,26
13,0,7
4,7,7
0,0,0
0,0,0
4,7,7
31,2,18
45,4,26
45,4,26
45,4,26
45,4,26
45,4,26
34,4,20
0,0,0
0,0,0
41,4,23
45,4,26
45,4,26
45,4,26
45,4,26
45,4,26
92,122,13
145,255,0
145,255,0
45,4,26
45,4,26
45,4,26
45,4,26
77,88,16
85,106,14
85,106,14
85,106,14
85,106,14
85,106,14
85,106,14
135,229,2
145,255,0
145,255,0
145,255,0
145,255,0
4,7,7
153,153,153
153,153,153
153,153,153
153,153,153
153,153,153
153,153,153
153,153,153
153,153,153
153,153,153
153,153,153
153,153,153
153,153,153
4,7,7
255,153,255
255,153,255
255,153,255
255,153,255
255,153,255
255,153,255
238,54,150
255,153,255
236,139,234
57,13,39
45,4,26
45,4,26
45,4,26
47,13,24
27,4,17
45,4,26
45,4,26
45,4,26
45,4,26
45,4,26
67,59,19
145,255,0
137,234,1
45,4,26
45,4,26
45,4,26
45,4,26
123,202,4
145,255,0
145,255,0
145,255,0
68,61,19
45,4,26
45,4,26
45,4,26
112,173,7
145,255,0
108,164,8
45,4,26
45,4,26
45,4,26
50,19,23
85,106,14
85,106,14
85,106,14
85,106,14
85,106,14
85,106,14
85,106,14
145,255,0
145,255,0
55,31,22
45,4,26
45,4,26
45,4,26
30,4,18
19,4,13
19,4,13
28,3,17
45,4,26
45,4,26
45,4,26
45,4,26
143,139,141
154,154,154
2,5,5
255,152,255
255,152,255
255,152,255
255,152,255
255,152,255
255,152,255
255,152,255
255,152,255
253,204,153
253,204,153
253,204,153
4,7,7
145,255,0
145,255,0
145,255,0
145,255,0
145,255,0
145,255,0
145,255,0
145,255,0
145,255,0
145,255,0
145,255,0
145,255,0
145,255,0
4,7,7
252,203,152
253,204,153
255,153,255
255,153,255
255,153,255
255,153,255
255,153,255
238,54,150
255,153,255
255,153,255
238,54,150
255,153,255
255,153,255
255,153,255
255,153,255
255,153,255
255,153,255
253,204,153
252,203,152
4,7,7
145,255,0
145,255,0
145,255,0
145,255,0
145,255,0
145,255,0
145,255,0
145,255,0
145,255,0
145,255,0
145,255,0
145,255,0
145,255,0
145,255,0
145,255,0
145,255,0
145,255,0
145,255,0
74,255,1
74,255,1
74,255,1
74,255,1
74,255,1
74,255,1
74,255,1
74,255,1
74,255,1
74,255,1
74,255,1
74,255,1
74,255,1
74,255,1
4,7,7
153,153,153
153,153,153
153,153,153
153,153,153
4,7,7
4,7,7
4,7,7
4,7,7
153,153,153
153,153,153
153,153,153
153,153,153
4,7,7
255,153,255
255,153,255
255,153,255
255,153,255
255,153,255
255,153,255
255,152,255
255,153,255
255,153,255
255,153,255
252,203,152
4,7,7
74,255,1
74,255,1
74,255,1
4,7,7
4,7,7
74,255,1
74,255,1
74,255,1
74,255,1
74,255,1
74,255,1
74,255,1
74,255,1
74,255,1
74,255,1
74,255,1
74,255,1
74,255,1
4,7,7
252,203,152
253,204,153
255,153,255
255,153,255
255,153,255
255,153,255
255,153,255
238,54,150
255,153,255
255,153,255
238,54,150
255,153,255
255,153,255
255,153,255
255,153,255
255,153,255
255,153,255
253,204,153
252,203,152
4,7,7
74,255,1
74,255,1
74,255,1
74,255,1
74,255,1
74,255,1
74,255,1
74,255,1
74,255,1
74,255,1
74,255,1
0,0,0
4,7,7
0,0,0
0,0,0
4,7,7
0,0,0
4,7,7
0,0,0
0,0,0
4,7,7
0,0,0
0,0,0
0,0,0
0,0,0
0,0,0
0,0,0
4,7,7
0,0,0
0,0,0
4,7,7
0,0,0
4,7,7
153,153,153
153,153,153
4,7,7
74,255,1
74,255,1
4,7,7
4,7,7
74,255,1
74,255,1
4,7,7
252,203,152
255,153,255
255,153,255
238,54,150
255,152,255
4,7,7
4,7,7
255,153,255
255,153,255
255,153,255
255,153,255
255,153,255
255,153,255
255,153,255
255,153,255
255,153,255
255,153,255
255,153,255
252,203,152
4,7,7
74,255,1
74,255,1
74,255,1
74,255,1
74,255,1
74,255,1
74,255,1
74,255,1
74,255,1
74,255,1
74,255,1
74,255,1
74,255,1
74,255,1
56,98,15
45,4,26
45,4,26
45,4,26
53,78,17
74,255,1
74,255,1
74,255,1
71,229,3
46,24,23
52,74,18
58,122,14
63,168,9
74,255,1
74,255,1
74,255,1
74,255,1
74,255,1
44,7,25
45,4,26
45,4,26
43,4,25
45,4,26
45,4,26
45,4,26
53,80,17
4,7,7
158,158,158
158,158,158
0,0,0
52,75,18
45,4,26
45,4,26
45,4,26
45,4,26
45,4,26
45,4,26
159,159,159
152,149,151
45,4,26
45,4,26
45,4,26
45,4,26
45,4,26
45,4,26
58,122,14
74,255,1
74,255,1
45,4,26
45,4,26
45,4,26
45,4,26
68,210,5
74,255,1
74,255,1
74,255,1
74,255,1
74,255,1
74,255,1
74,255,1
74,255,1
74,255,1
74,255,1
4,7,7
153,153,153
153,153,153
158,158,158
146,146,146
153,153,153
153,153,153
153,153,153
153,153,153
153,153,153
158,158,158
146,146,146
153,153,153
153,153,153
153,153,153
4,7,7
255,153,255
238,54,150
255,153,255
255,153,255
255,153,255
255,153,255
255,153,255
126,61,115
45,4,26
45,4,26
45,4,26
32,4,20
4,7,7
4,7,7
153,153,153
131,123,127
45,4,26
45,4,26
45,4,26
45,4,26
63,160,10
74,255,1
49,52,21
45,4,26
45,4,26
45,4,26
56,106,15
74,255,1
74,255,1
72,247,1
45,4,26
45,4,26
45,4,26
45,4,26
74,255,1
74,255,1
63,164,9
45,4,26
45,4,26
45,4,26
45,19,23
74,255,1
74,255,1
74,255,1
74,255,1
74,255,1
74,255,1
74,255,1
74,255,1
74,255,1
47,31,22
45,4,26
45,4,26
45,4,26
108,92,100
153,153,153
153,153,153
153,153,153
60,24,43
45,4,26
45,4,26
45,4,26
122,110,116
4,7,7
252,203,152
252,203,152
252,203,152
252,203,152
252,203,152
252,203,152
252,203,152
252,203,152
252,203,152
252,203,152
252,203,152
4,7,7
4,7,7
74,255,1
74,255,1
74,255,1
74,255,1
74,255,1
74,255,1
74,255,1
74,255,1
74,255,1
74,255,1
74,255,1
74,255,1
74,255,1
4,7,7
252,203,152
255,153,255
255,153,255
255,153,255
255,153,255
255,152,255
255,152,255
255,153,255
255,153,255
255,153,255
255,153,255
255,153,255
255,153,255
255,153,255
255,153,255
238,54,150
255,153,255
255,153,255
252,203,152
4,7,7
74,255,1
74,255,1
74,255,1
74,255,1
74,255,1
74,255,1
74,255,1
74,255,1
74,255,1
74,255,1
74,255,1
74,255,1
74,255,1
74,255,1
74,255,1
74,255,1
74,255,1
74,255,1
18,255,93
18,255,93
18,255,93
18,255,93
18,255,93
18,255,93
18,255,93
18,255,93
18,255,93
18,255,93
18,255,93
18,255,93
18,255,93
18,255,93
4,7,7
153,153,153
153,153,153
153,153,153
153,153,153
153,153,153
153,153,153
153,153,153
153,153,153
153,153,153
153,153,153
153,153,153
153,153,153
4,7,7
255,153,255
255,153,255
255,153,255
255,153,255
255,153,255
255,153,255
238,54,150
255,153,255
255,153,255
255,153,255
252,203,152
4,7,7
18,255,93
18,255,93
4,7,7
153,153,153
152,152,152
4,7,7
18,255,93
18,255,93
18,255,93
18,255,93
18,255,93
18,255,93
18,255,93
18,255,93
18,255,93
18,255,93
18,255,93
18,255,93
4,7,7
252,203,152
255,153,255
255,153,255
255,153,255
255,153,255
255,152,255
255,152,255
255,153,255
255,153,255
255,153,255
255,153,255
255,153,255
255,153,255
255,153,255
255,153,255
238,54,150
255,153,255
255,153,255
252,203,152
4,7,7
18,255,93
18,255,93
18,255,93
18,255,93
18,255,93
18,255,93
18,255,93
18,255,93
18,255,93
18,255,93
18,255,93
18,255,93
4,7,7
158,158,158
158,158,158
0,0,0
18,255,93
4,7,7
158,158,158
158,158,158
0,0,0
18,255,93
18,255,93
18,255,93
18,255,93
18,255,93
18,255,93
4,7,7
159,159,159
159,159,159
0,0,0
18,255,93
0,0,0
159,159,159
159,159,159
4,7,7
18,255,93
4,7,7
153,153,153
153,153,153
0,0,0
18,255,93
4,7,7
252,203,152
255,153,255
255,153,255
255,155,255
0,0,0
153,153,153
153,153,153
4,7,7
255,153,255
255,153,255
255,153,255
255,153,255
255,153,255
255,153,255
255,153,255
255,153,255
255,153,255
255,153,255
252,203,152
4,7,7
18,255,93
18,255,93
18,255,93
18,255,93
18,255,93
18,255,93
18,255,93
18,255,93
18,255,93
18,255,93
18,255,93
18,255,93
18,255,93
18,255,93
41,23,31
45,4,26
45,4,26
45,4,26
24,191,75
18,255,93
18,255,93
18,255,93
18,255,93
18,255,93
18,255,93
18,255,93
18,255,93
18,255,93
18,255,93
18,255,93
18,255,93
26,177,72
45,4,26
45,4,26
45,4,26
22,4,15
45,4,26
45,4,26
45,4,26
45,4,26
2,4,4
2,5,5
2,5,5
18,255,93
36,75,45
45,4,26
45,4,26
45,4,26
45,4,26
45,4,26
45,4,26
6,3,6
15,3,11
45,4,26
45,4,26
45,4,26
45,4,26
45,4,26
45,4,26
32,122,57
18,255,93
18,255,93
45,4,26
45,4,26
45,4,26
45,4,26
31,117,56
29,141,62
29,141,62
29,141,62
29,141,62
29,141,62
29,149,64
18,255,93
18,255,93
18,255,93
18,255,93
4,7,7
153,153,153
153,153,153
4,7,7
255,255,255
153,153,153
154,154,154
153,153,153
153,153,153
153,153,153
0,0,0
255,255,255
153,153,153
153,153,153
153,153,153
4,7,7
255,153,255
255,153,255
255,153,255
255,153,255
255,153,255
255,153,255
255,153,255
88,14,52
45,4,26
45,4,26
45,4,26
115,101,109
153,153,153
153,153,153
153,153,153
4,7,7
37,63,40
45,4,26
45,4,26
45,4,26
31,128,58
18,255,93
27,163,68
45,4,26
45,4,26
45,4,26
42,18,29
18,255,93
18,255,93
27,163,68
45,4,26
45,4,26
45,4,26
34,98,50
18,255,93
18,255,93
27,164,68
45,4,26
45,4,26
45,4,26
42,19,29
29,141,62
29,141,62
29,141,62
29,141,62
29,141,62
29,141,62
21,222,83
18,255,93
18,255,93
41,31,32
45,4,26
45,4,26
45,4,26
20,5,13
0,0,0
0,0,0
18,5,13
45,4,26
45,4,26
45,4,26
45,4,26
4,6,7
0,0,0
0,0,0
0,0,0
0,0,0
0,0,0
0,0,0
4,7,7
0,0,0
0,0,0
4,7,7
0,0,0
4,7,7
153,153,153
153,153,153
4,7,7
18,255,93
18,255,93
18,255,93
18,255,93
18,255,93
18,255,93
18,255,93
18,255,93
4,7,7
4,7,7
18,255,93
18,255,93
4,7,7
252,203,152
255,153,255
255,153,255
238,54,150
255,152,255
4,7,7
4,7,7
255,153,255
255,153,255
255,153,255
255,153,255
255,153,255
255,153,255
255,153,255
255,153,255
255,153,255
255,153,255
255,153,255
252,203,152
4,7,7
18,255,93
18,255,93
18,255,93
18,255,93
18,255,93
18,255,93
18,255,93
18,255,93
18,255,93
18,255,93
18,255,93
18,255,93
18,255,93
18,255,93
18,255,93
18,255,93
18,255,93
18,255,93
0,255,184
0,255,184
0,255,184
0,255,184
0,255,184
0,255,184
0,255,184
0,255,184
0,255,184
0,255,184
0,255,184
0,255,184
0,255,184
4,7,7
153,153,153
153,153,153
158,158,158
146,146,146
153,153,153
153,153,153
153,153,153
153,153,153
153,153,153
158,158,158
146,146,146
153,153,153
153,153,153
153,153,153
4,7,7
255,153,255
238,54,150
255,153,255
255,153,255
255,153,255
255,153,255
255,153,255
255,153,255
255,153,255
252,203,152
4,7,7
4,7,7
4,7,7
4,7,7
153,153,153
152,152,152
4,7,7
0,255,184
0,255,184
0,255,184
0,255,184
0,255,184
0,255,184
0,255,184
0,255,184
4,7,7
4,7,7
0,255,184
0,255,184
4,7,7
252,203,152
255,153,255
255,153,255
238,54,150
255,152,255
4,7,7
4,7,7
255,153,255
255,153,255
255,153,255
255,153,255
255,153,255
255,153,255
255,153,255
255,153,255
255,153,255
255,153,255
255,153,255
252,203,152
4,7,7
0,255,184
0,255,184
0,255,184
0,255,184
0,255,184
0,255,184
0,255,184
0,255,184
0,255,184
0,255,184
0,255,184
0,255,184
2,5,5
2,5,5
2,5,5
0,255,184
0,255,184
2,5,5
2,5,5
2,5,5
0,255,184
0,255,184
0,255,184
0,255,184
0,255,184
0,255,184
0,255,184
1,4,4
1,4,4
1,4,4
0,255,184
0,255,184
0,255,184
1,4,4
1,4,4
1,4,4
0,255,184
4,7,7
153,153,153
153,153,153
153,153,153
3,5,5
4,7,7
252,204,152
255,153,255
255,153,255
3,5,5
153,153,153
153,153,153
153,153,153
4,7,7
255,153,255
255,153,255
255,153,255
238,54,150
255,153,255
255,153,255
255,153,255
255,153,255
255,153,255
255,153,255
252,203,152
4,7,7
0,255,184
0,255,184
0,255,184
0,255,184
0,255,184
0,255,184
0,255,184
0,255,184
0,255,184
0,255,184
0,255,184
0,255,184
0,255,184
1,244,177
45,4,26
45,4,26
45,4,26
45,4,26
2,236,172
0,255,184
0,255,184
31,73,69
31,73,69
31,73,69
31,73,69
31,73,69
31,73,69
19,142,113
0,255,184
0,255,184
0,255,184
31,77,71
45,4,26
45,4,26
45,4,26
4,235,171
29,89,79
45,4,26
45,4,26
45,4,26
20,139,111
0,255,184
0,255,184
0,255,184
31,75,71
45,4,26
45,4,26
45,4,26
39,36,46
45,4,26
45,4,26
22,127,103
33,64,64
45,4,26
45,4,26
22,123,101
45,4,26
45,4,26
45,4,26
23,122,100
0,255,184
0,255,184
45,4,26
45,4,26
45,4,26
45,4,26
45,4,26
45,4,26
45,4,26
45,4,26
45,4,26
45,4,26
32,71,68
0,255,184
0,255,184
0,255,184
0,255,184
4,7,7
153,153,153
153,153,153
4,7,7
4,7,7
153,153,153
4,7,7
152,152,152
153,153,153
153,153,153
0,0,0
0,0,0
153,153,153
153,153,153
153,153,153
4,7,7
255,153,255
255,153,255
255,153,255
255,152,255
255,153,255
255,153,255
255,153,255
57,13,39
45,4,26
45,4,26
45,4,26
136,130,133
152,152,152
4,7,7
4,7,7
0,255,184
18,146,115
45,4,26
45,4,26
45,4,26
27,96,83
0,255,184
0,255,184
45,4,26
45,4,26
45,4,26
45,4,26
4,226,166
0,255,184
35,55,58
45,4,26
45,4,26
45,4,26
8,202,150
0,255,184
0,255,184
15,164,127
45,4,26
45,4,26
45,4,26
45,4,26
45,4,26
45,4,26
45,4,26
45,4,26
45,4,26
45,4,26
13,173,132
0,255,184
0,255,184
39,31,42
45,4,26
45,4,26
45,4,26
44,4,25
53,16,36
48,8,28
45,4,26
45,4,26
45,4,26
45,4,26
94,71,83
0,0,0
0,255,184
0,255,184
0,255,184
0,255,184
0,255,184
0,255,184
4,7,7
159,159,159
159,159,159
0,0,0
0,255,184
0,0,0
159,159,159
159,159,159
4,7,7
0,255,184
0,255,184
0,255,184
0,255,184
0,255,184
0,255,184
0,255,184
4,7,7
153,153,153
153,153,153
0,0,0
0,255,184
4,7,7
252,203,152
255,153,255
255,153,255
255,155,255
0,0,0
153,153,153
153,153,153
4,7,7
255,153,255
255,153,255
255,153,255
255,153,255
255,153,255
255,153,255
255,153,255
255,153,255
255,153,255
255,153,255
252,203,152
4,7,7
0,255,184
0,255,184
0,255,184
0,255,184
0,255,184
0,255,184
0,255,184
0,255,184
0,255,184
0,255,184
0,255,184
0,255,184
0,255,184
0,255,184
0,255,184
0,255,184
0,255,184
0,255,184
0,255,253
0,255,253
0,255,253
0,255,253
0,255,253
0,255,253
0,255,253
0,255,253
0,255,253
0,255,253
0,255,253
0,255,253
0,255,253
4,7,7
153,153,153
153,153,153
4,7,7
255,255,255
153,153,153
154,154,154
153,153,153
153,153,153
153,153,153
0,0,0
255,255,255
153,153,153
153,153,153
153,153,153
4,7,7
255,153,255
255,153,255
255,153,255
255,153,255
255,153,255
255,153,255
255,153,255
238,54,150
255,153,255
252,203,152
4,7,7
153,153,153
153,153,153
153,153,153
153,153,153
4,7,7
0,255,253
0,255,253
0,255,253
0,255,253
0,255,253
0,255,253
0,255,253
0,255,253
4,7,7
153,153,153
153,153,153
0,0,0
0,255,253
4,7,7
252,203,152
255,153,255
255,153,255
255,155,255
0,0,0
153,153,153
153,153,153
4,7,7
255,153,255
255,153,255
255,153,255
255,153,255
255,153,255
255,153,255
255,153,255
255,153,255
255,153,255
255,153,255
252,203,152
4,7,7
0,255,253
0,255,253
0,255,253
0,255,253
0,255,253
0,255,253
0,255,253
0,255,253
0,255,253
0,255,253
0,255,253
0,255,253
0,255,253
0,255,253
0,255,253
0,255,253
0,255,253
0,255,253
0,255,253
0,255,253
0,255,253
0,255,253
0,255,253
0,255,253
0,255,253
0,255,253
0,255,253
0,255,253
0,255,253
0,255,253
0,255,253
0,255,253
0,255,253
0,255,253
0,255,253
0,255,253
0,255,253
4,7,7
153,153,153
153,153,153
153,153,153
153,153,153
4,7,7
4,7,7
4,7,7
4,7,7
153,153,153
153,153,153
153,153,153
153,153,153
4,7,7
255,153,255
255,153,255
255,153,255
255,153,255
255,153,255
255,153,255
255,152,255
255,153,255
255,153,255
255,153,255
252,203,152
4,7,7
0,255,253
0,255,253
0,255,253
4,7,7
4,7,7
0,255,253
0,255,253
0,255,253
0,255,253
0,255,253
0,255,253
0,255,253
0,255,253
6,221,222
45,4,26
45,4,26
45,4,26
44,4,26
0,254,252
0,255,253
0,255,253
45,4,26
45,4,26
45,4,26
45,4,26
45,4,26
45,4,26
20,135,144
0,255,253
0,255,253
1,243,242
45,4,26
45,4,26
45,4,26
42,16,37
0,255,253
10,194,198
45,4,26
45,4,26
45,4,26
37,40,58
0,255,253
0,255,253
0,255,253
31,75,90
45,4,26
45,4,26
45,4,26
23,122,133
45,4,26
45,4,26
38,37,56
45,4,26
45,4,26
45,4,26
6,215,217
45,4,26
45,4,26
45,4,26
23,122,133
0,255,253
0,255,253
45,4,26
45,4,26
45,4,26
45,4,26
45,4,26
45,4,26
45,4,26
45,4,26
45,4,26
45,4,26
32,71,87
0,255,253
0,255,253
0,255,253
0,255,253
4,7,7
245,151,153
245,151,153
153,153,153
166,166,166
153,153,153
153,153,153
166,166,166
153,153,153
153,153,153
166,166,166
153,153,153
245,151,153
245,151,153
153,153,153
4,7,7
255,153,255
255,153,255
255,153,255
238,54,150
255,153,255
255,153,255
239,141,238
45,4,26
45,4,26
45,4,26
45,4,26
5,6,7
4,7,7
0,255,253
0,255,253
0,255,253
18,155,161
45,4,26
45,4,26
45,4,26
31,74,90
0,255,253
0,255,253
27,98,111
45,4,26
45,4,26
45,4,26
25,110,123
0,255,253
45,4,26
45,4,26
45,4,26
40,23,43
0,255,253
0,255,253
0,255,253
15,164,171
45,4,26
45,4,26
45,4,26
45,4,26
45,4,26
45,4,26
45,4,26
45,4,26
45,4,26
45,4,26
13,173,179
0,255,253
0,255,253
39,31,50
45,4,26
45,4,26
45,4,26
45,4,26
45,4,26
45,4,26
45,4,26
45,4,26
45,4,26
28,3,17
2,5,5
0,255,253
0,255,253
0,255,253
0,255,253
0,255,253
0,255,253
0,255,253
1,4,4
1,4,4
1,4,4
0,255,253
0,255,253
0,255,253
1,4,4
1,4,4
1,4,4
0,255,253
0,255,253
0,255,253
0,255,253
0,255,253
0,255,253
0,255,253
4,7,7
153,153,153
153,153,153
153,153,153
3,5,5
4,7,7
252,204,152
255,153,255
255,153,255
3,5,5
153,153,153
153,153,153
153,153,153
4,7,7
255,153,255
255,153,255
255,153,255
238,54,150
255,153,255
255,153,255
255,153,255
255,153,255
255,153,255
255,153,255
252,203,152
4,7,7
0,255,253
0,255,253
0,255,253
0,255,253
0,255,253
0,255,253
0,255,253
0,255,253
0,255,253
0,255,253
0,255,253
0,255,253
0,255,253
0,255,253
0,255,253
0,255,253
0,255,253
0,255,253
0,119,255
0,119,255
0,119,255
0,119,255
0,119,255
0,119,255
0,119,255
0,119,255
0,119,255
0,119,255
0,119,255
0,119,255
0,119,255
4,7,7
153,153,153
153,153,153
4,7,7
4,7,7
153,153,153
4,7,7
152,152,152
153,153,153
153,153,153
0,0,0
0,0,0
153,153,153
153,153,153
153,153,153
4,7,7
255,153,255
255,153,255
255,153,255
255,152,255
255,153,255
255,153,255
255,153,255
255,153,255
255,153,255
252,203,152
4,7,7
153,153,153
152,152,152
4,7,7
4,7,7
0,119,255
0,119,255
0,119,255
0,119,255
0,119,255
0,119,255
0,119,255
0,119,255
0,119,255
4,7,7
153,153,153
153,153,153
153,153,153
3,5,5
4,7,7
252,204,152
255,153,255
255,153,255
3,5,5
153,153,153
153,153,153
153,153,153
4,7,7
255,153,255
255,153,255
255,153,255
238,54,150
255,153,255
255,153,255
255,153,255
255,153,255
255,153,255
255,153,255
252,203,152
4,7,7
0,119,255
0,119,255
0,119,255
0,119,255
0,119,255
0,119,255
0,119,255
0,119,255
0,119,255
0,119,255
0,119,255
0,119,255
0,119,255
0,119,255
0,119,255
0,119,255
0,119,255
0,119,255
0,119,255
0,119,255
0,119,255
0,119,255
0,119,255
0,119,255
0,119,255
0,119,255
0,119,255
0,119,255
0,119,255
0,119,255
0,119,255
0,119,255
0,119,255
0,119,255
0,119,255
0,119,255
0,119,255
4,7,7
153,153,153
153,153,153
153,153,153
153,153,153
153,153,153
153,153,153
153,153,153
153,153,153
153,153,153
153,153,153
153,153,153
153,153,153
4,7,7
255,153,255
255,153,255
255,153,255
255,153,255
255,153,255
255,153,255
238,54,150
255,153,255
255,153,255
255,153,255
252,203,152
4,7,7
0,119,255
0,119,255
4,7,7
153,153,153
152,152,152
4,7,7
0,119,255
0,119,255
0,119,255
0,119,255
0,119,255
0,119,255
0,119,255
0,119,255
44,4,26
45,4,26
45,4,26
45,4,26
6,104,223
0,119,255
0,119,255
45,4,26
45,4,26
45,4,26
45,4,26
45,4,26
45,4,26
20,66,149
0,119,255
0,119,255
18,69,155
45,4,26
45,4,26
45,4,26
26,48,114
7,97,211
7,97,211
45,4,26
45,4,26
45,4,26
45,4,26
6,101,218
0,119,255
0,119,255
31,36,91
45,4,26
45,4,26
45,4,26
3,108,234
45,4,26
45,4,26
45,4,26
45,4,26
45,4,26
45,4,26
0,119,255
45,4,26
45,4,26
45,4,26
23,58,134
0,119,255
0,119,255
45,4,26
45,4,26
45,4,26
45,4,26
23,59,136
18,71,159
18,71,159
18,71,159
18,71,159
18,71,159
17,73,163
0,119,255
0,119,255
0,119,255
0,119,255
0,0,0
251,154,156
248,150,153
153,153,153
4,7,7
159,159,159
159,159,159
4,7,7
159,159,159
159,159,159
4,7,7
153,153,153
247,150,153
247,150,153
156,156,156
3,6,6
255,153,255
255,153,255
255,153,255
255,153,255
255,153,255
255,152,255
238,54,150
54,11,36
45,4,26
45,4,26
45,4,26
7,97,211
0,119,255
0,119,255
0,119,255
0,119,255
20,65,148
45,4,26
45,4,26
45,4,26
29,42,102
0,119,255
0,119,255
7,98,213
45,4,26
45,4,26
45,4,26
42,8,34
15,80,179
45,4,26
45,4,26
45,4,26
21,62,142
0,119,255
0,119,255
0,119,255
15,77,172
45,4,26
45,4,26
45,4,26
41,11,39
18,71,159
18,71,159
18,71,159
18,71,159
18,71,159
18,71,159
4,106,230
0,119,255
0,119,255
39,16,50
45,4,26
45,4,26
45,4,26
45,4,25
35,25,70
45,4,26
45,4,26
45,4,26
33,31,82
9,96,209
0,119,255
0,119,255
0,119,255
0,119,255
0,119,255
0,119,255
0,119,255
0,119,255
0,119,255
0,119,255
0,119,255
0,119,255
0,119,255
0,119,255
0,119,255
0,119,255
0,119,255
0,119,255
0,119,255
0,119,255
0,119,255
0,119,255
0,119,255
0,119,255
4,7,7
153,153,153
153,153,153
153,153,153
153,153,153
4,7,7
4,7,7
4,7,7
4,7,7
153,153,153
153,153,153
153,153,153
153,153,153
4,7,7
255,153,255
255,153,255
255,153,255
255,153,255
255,153,255
255,153,255
255,152,255
255,153,255
255,153,255
255,153,255
252,203,152
4,7,7
0,119,255
0,119,255
0,119,255
4,7,7
4,7,7
0,119,255
0,119,255
0,119,255
0,119,255
0,119,255
0,119,255
0,119,255
0,119,255
0,119,255
0,119,255
0,119,255
0,119,255
0,119,255
13,14,255
13,14,255
13,14,255
13,14,255
13,14,255
13,14,255
13,14,255
13,14,255
13,14,255
13,14,255
13,14,255
13,14,255
13,14,255
4,7,7
245,151,153
245,151,153
153,153,153
166,166,166
153,153,153
153,153,153
166,166,166
153,153,153
153,153,153
166,166,166
153,153,153
245,151,153
245,151,153
153,153,153
4,7,7
255,153,255
255,153,255
255,153,255
238,54,150
255,153,255
255,153,255
255,152,255
255,153,255
255,153,255
252,203,152
4,7,7
4,7,7
4,7,7
13,14,255
13,14,255
13,14,255
13,14,255
13,14,255
13,14,255
13,14,255
13,14,255
13,14,255
13,14,255
13,14,255
4,7,7
153,153,153
153,153,153
153,153,153
153,153,153
4,7,7
4,7,7
4,7,7
4,7,7
153,153,153
153,153,153
153,153,153
153,153,153
4,7,7
255,153,255
255,153,255
255,153,255
255,153,255
255,153,255
255,153,255
255,152,255
255,153,255
255,153,255
255,153,255
252,203,152
4,7,7
13,14,255
13,14,255
13,14,255
4,7,7
4,7,7
13,14,255
13,14,255
13,14,255
13,14,255
13,14,255
13,14,255
13,14,255
13,14,255
13,14,255
13,14,255
13,14,255
13,14,255
13,14,255
13,14,255
13,14,255
13,14,255
13,14,255
13,14,255
13,14,255
13,14,255
13,14,255
13,14,255
13,14,255
13,14,255
13,14,255
13,14,255
13,14,255
13,14,255
13,14,255
13,14,255
13,14,255
4,7,7
153,153,153
153,153,153
158,158,158
146,146,146
153,153,153
153,153,153
153,153,153
153,153,153
153,153,153
158,158,158
146,146,146
153,153,153
153,153,153
153,153,153
4,7,7
255,153,255
238,54,150
255,153,255
255,153,255
255,153,255
255,153,255
255,153,255
255,153,255
255,153,255
252,203,152
4,7,7
4,7,7
4,7,7
4,7,7
153,153,153
152,152,152
4,7,7
13,14,255
13,14,255
13,14,255
13,14,255
13,14,255
13,14,255
13,14,255
13,14,255
38,5,74
45,4,26
45,4,26
45,4,26
26,9,159
13,14,255
13,14,255
17,13,222
17,13,222
23,11,179
45,4,26
45,4,26
45,4,26
26,9,151
13,14,255
13,14,255
40,5,50
45,4,26
45,4,26
45,4,26
45,4,26
45,4,26
45,4,26
45,4,26
45,4,26
45,4,26
45,4,26
31,7,116
13,14,255
13,14,255
35,6,91
45,4,26
45,4,26
45,4,26
13,14,255
45,4,26
45,4,26
45,4,26
45,4,26
45,4,26
35,6,84
13,14,255
45,4,26
45,4,26
45,4,26
29,8,134
13,14,255
13,14,255
45,4,26
45,4,26
45,4,26
45,4,26
18,12,214
13,14,255
13,14,255
13,14,255
13,14,255
13,14,255
13,14,255
13,14,255
13,14,255
13,14,255
13,14,255
13,14,255
2,4,4
154,154,154
153,153,153
2,5,5
2,5,5
2,5,5
2,5,5
2,5,5
2,5,5
2,5,5
153,153,153
153,153,153
154,154,154
2,5,5
255,152,255
255,152,255
255,152,255
255,152,255
255,152,255
255,152,255
255,152,255
255,152,255
83,40,48
45,4,26
45,4,26
45,4,26
26,9,151
13,14,255
13,14,255
13,14,255
13,14,255
34,7,96
45,4,26
45,4,26
45,4,26
30,7,126
13,14,255
13,14,255
13,14,255
39,4,63
45,4,26
45,4,26
45,4,26
39,4,66
45,4,26
45,4,26
45,4,26
16,12,228
13,14,255
13,14,255
13,14,255
24,9,172
45,4,26
45,4,26
45,4,26
42,4,39
13,14,255
13,14,255
13,14,255
13,14,255
13,14,255
13,14,255
13,14,255
13,14,255
13,14,255
40,5,50
45,4,26
45,4,26
45,4,26
25,9,161
13,14,255
37,5,70
45,4,26
45,4,26
45,4,26
39,4,61
15,13,238
13,14,255
13,14,255
13,14,255
13,14,255
13,14,255
13,14,255
13,14,255
13,14,255
13,14,255
13,14,255
13,14,255
13,14,255
13,14,255
13,14,255
13,14,255
13,14,255
13,14,255
13,14,255
13,14,255
13,14,255
13,14,255
13,14,255
13,14,255
4,7,7
153,153,153
153,153,153
153,153,153
153,153,153
153,153,153
153,153,153
153,153,153
153,153,153
153,153,153
153,153,153
153,153,153
153,153,153
4,7,7
255,153,255
255,153,255
255,153,255
255,153,255
255,153,255
255,153,255
238,54,150
255,153,255
255,153,255
255,153,255
252,203,152
4,7,7
13,14,255
13,14,255
4,7,7
153,153,153
152,152,152
4,7,7
13,14,255
13,14,255
13,14,255
13,14,255
13,14,255
13,14,255
13,14,255
13,14,255
13,14,255
13,14,255
13,14,255
13,14,255
65,1,255
65,1,255
65,1,255
65,1,255
65,1,255
65,1,255
65,1,255
65,1,255
65,1,255
65,1,255
65,1,255
65,1,255
65,1,255
0,0,0
251,154,156
248,150,153
153,153,153
4,7,7
159,159,159
159,159,159
4,7,7
159,159,159
159,159,159
4,7,7
153,153,153
247,150,153
247,150,153
156,156,156
3,6,6
255,153,255
255,153,255
255,153,255
255,153,255
255,153,255
255,152,255
238,54,150
255,153,255
253,204,153
252,203,152
4,7,7
65,1,255
65,1,255
65,1,255
65,1,255
65,1,255
65,1,255
65,1,255
65,1,255
65,1,255
65,1,255
65,1,255
65,1,255
65,1,255
4,7,7
153,153,153
153,153,153
153,153,153
153,153,153
153,153,153
153,153,153
153,153,153
153,153,153
153,153,153
153,153,153
153,153,153
153,153,153
4,7,7
255,153,255
255,153,255
255,153,255
255,153,255
255,153,255
255,153,255
238,54,150
255,153,255
255,153,255
255,153,255
252,203,152
4,7,7
65,1,255
65,1,255
4,7,7
153,153,153
152,152,152
4,7,7
65,1,255
65,1,255
65,1,255
65,1,255
65,1,255
65,1,255
65,1,255
65,1,255
65,1,255
65,1,255
65,1,255
65,1,255
65,1,255
65,1,255
65,1,255
65,1,255
65,1,255
65,1,255
65,1,255
65,1,255
65,1,255
65,1,255
65,1,255
65,1,255
65,1,255
65,1,255
65,1,255
65,1,255
65,1,255
65,1,255
4,7,7
153,153,153
153,153,153
4,7,7
255,255,255
153,153,153
154,154,154
153,153,153
153,153,153
153,153,153
0,0,0
255,255,255
153,153,153
153,153,153
153,153,153
4,7,7
255,153,255
255,153,255
255,153,255
255,153,255
255,153,255
255,153,255
255,153,255
238,54,150
255,153,255
252,203,152
4,7,7
153,153,153
153,153,153
153,153,153
153,153,153
4,7,7
65,1,255
65,1,255
65,1,255
65,1,255
65,1,255
65,1,255
65,1,255
65,1,255
65,1,255
55,2,151
45,4,26
45,4,26
45,4,26
46,2,55
60,1,205
65,1,255
65,1,255
65,1,255
54,2,138
45,4,26
45,4,26
45,4,26
55,2,151
65,1,255
61,1,215
45,4,26
45,4,26
45,4,26
45,4,26
45,4,26
45,4,26
45,4,26
45,4,26
45,4,26
45,4,26
45,4,26
45,4,26
65,1,255
65,1,255
50,3,91
45,4,26
45,4,26
45,3,31
65,1,255
50,3,94
45,4,26
45,4,26
45,4,26
45,4,26
56,2,161
65,1,255
45,4,26
45,4,26
45,4,26
54,2,134
65,1,255
65,1,255
45,4,26
45,4,26
45,4,26
45,4,26
61,1,208
64,0,246
64,0,246
64,0,246
64,0,246
64,0,246
64,0,246
65,1,255
65,1,255
65,1,255
65,1,255
65,1,255
65,1,255
4,7,7
153,153,153
153,153,153
153,153,153
153,153,153
153,153,153
153,153,153
153,153,153
153,153,153
153,153,153
153,153,153
4,7,7
252,203,152
252,203,152
252,203,152
252,203,152
252,203,152
252,203,152
252,203,152
252,203,152
252,203,152
152,107,91
45,4,26
45,4,26
45,4,26
47,3,52
58,1,188
65,1,255
64,0,246
54,2,140
45,4,26
45,4,26
45,4,26
45,4,26
60,1,203
65,1,255
65,1,255
65,1,255
55,2,155
45,4,26
45,4,26
45,4,26
45,4,26
45,4,26
45,4,26
49,2,77
65,1,255
65,1,255
65,1,255
65,1,255
57,1,172
45,4,26
45,4,26
45,4,26
45,3,39
64,0,246
64,0,246
64,0,246
64,0,246
64,0,246
64,0,246
64,0,246
65,1,255
65,1,255
46,3,50
45,4,26
45,4,26
45,4,26
56,2,161
65,1,255
58,1,191
45,4,26
45,4,26
45,4,26
45,4,26
51,2,104
65,1,255
65,1,255
65,1,255
65,1,255
65,1,255
65,1,255
65,1,255
65,1,255
65,1,255
65,1,255
65,1,255
65,1,255
65,1,255
65,1,255
65,1,255
65,1,255
65,1,255
65,1,255
65,1,255
65,1,255
65,1,255
65,1,255
4,7,7
153,153,153
153,153,153
158,158,158
146,146,146
153,153,153
153,153,153
153,153,153
153,153,153
153,153,153
158,158,158
146,146,146
153,153,153
153,153,153
153,153,153
4,7,7
255,153,255
238,54,150
255,153,255
255,153,255
255,153,255
255,153,255
255,153,255
255,153,255
255,153,255
252,203,152
4,7,7
4,7,7
4,7,7
4,7,7
153,153,153
152,152,152
4,7,7
65,1,255
65,1,255
65,1,255
65,1,255
65,1,255
65,1,255
65,1,255
65,1,255
65,1,255
65,1,255
65,1,255
65,1,255
131,0,255
131,0,255
131,0,255
131,0,255
131,0,255
131,0,255
131,0,255
131,0,255
131,0,255
131,0,255
131,0,255
131,0,255
131,0,255
131,0,255
2,4,4
154,154,154
153,153,153
2,5,5
2,5,5
2,5,5
2,5,5
2,5,5
2,5,5
2,5,5
153,153,153
153,153,153
154,154,154
2,5,5
255,152,255
255,152,255
255,152,255
255,152,255
255,152,255
255,152,255
255,152,255
255,152,255
253,204,153
253,204,153
253,204,153
4,7,7
131,0,255
131,0,255
131,0,255
131,0,255
131,0,255
131,0,255
131,0,255
131,0,255
131,0,255
131,0,255
131,0,255
131,0,255
4,7,7
153,153,153
153,153,153
158,158,158
146,146,146
153,153,153
153,153,153
153,153,153
153,153,153
153,153,153
158,158,158
146,146,146
153,153,153
153,153,153
153,153,153
4,7,7
255,153,255
238,54,150
255,153,255
255,153,255
255,153,255
255,153,255
255,153,255
255,153,255
255,153,255
252,203,152
4,7,7
4,7,7
4,7,7
4,7,7
153,153,153
152,152,152
4,7,7
131,0,255
131,0,255
131,0,255
131,0,255
131,0,255
131,0,255
131,0,255
131,0,255
131,0,255
131,0,255
131,0,255
131,0,255
131,0,255
131,0,255
131,0,255
131,0,255
131,0,255
131,0,255
131,0,255
131,0,255
131,0,255
131,0,255
131,0,255
131,0,255
131,0,255
131,0,255
131,0,255
131,0,255
131,0,255
131,0,255
4,7,7
153,153,153
153,153,153
4,7,7
4,7,7
153,153,153
4,7,7
152,152,152
153,153,153
153,153,153
0,0,0
0,0,0
153,153,153
153,153,153
153,153,153
4,7,7
255,153,255
255,153,255
255,153,255
255,152,255
255,153,255
255,153,255
255,153,255
255,153,255
255,153,255
252,203,152
4,7,7
153,153,153
152,152,152
4,7,7
4,7,7
131,0,255
131,0,255
131,0,255
131,0,255
131,0,255
131,0,255
131,0,255
131,0,255
131,0,255
131,0,255
130,0,252
59,2,64
45,4,26
45,4,26
45,4,26
45,4,26
65,2,81
68,2,90
52,3,48
45,4,26
45,4,26
45,4,26
45,4,26
91,1,151
131,0,255
78,1,113
45,4,26
45,4,26
45,4,26
51,3,41
51,3,41
51,3,41
51,3,41
51,3,41
45,4,26
45,4,26
45,4,26
45,4,26
105,0,185
131,0,255
68,2,91
45,4,26
45,4,26
51,3,42
131,0,255
98,1,165
45,4,26
45,4,26
45,4,26
45,4,26
120,0,224
131,0,255
45,4,26
45,4,26
45,4,26
85,1,134
131,0,255
131,0,255
45,4,26
45,4,26
45,4,26
45,4,26
45,4,26
45,4,26
45,4,26
45,4,26
45,4,26
45,4,26
45,4,26
93,1,154
131,0,255
131,0,255
131,0,255
131,0,255
131,0,255
131,0,255
0,0,0
4,7,7
0,0,0
0,0,0
4,7,7
0,0,0
4,7,7
0,0,0
0,0,0
4,7,7
0,0,0
0,0,0
0,0,0
0,0,0
0,0,0
0,0,0
4,7,7
0,0,0
0,0,0
4,7,7
4,0,2
39,4,23
45,4,26
45,4,26
45,4,26
45,4,26
47,3,33
45,4,26
45,4,26
45,4,26
45,4,26
45,4,26
81,1,123
131,0,255
131,0,255
131,0,255
131,0,255
131,0,255
45,4,26
45,4,26
45,4,26
45,4,26
45,4,26
45,4,26
97,1,164
131,0,255
131,0,255
131,0,255
131,0,255
99,0,172
45,4,26
45,4,26
45,4,26
45,4,26
45,4,26
45,4,26
45,4,26
45,4,26
45,4,26
45,4,26
45,4,26
128,0,249
131,0,255
53,3,50
45,4,26
45,4,26
45,4,26
95,1,161
131,0,255
131,0,255
74,2,102
45,4,26
45,4,26
45,4,26
45,4,26
108,0,194
131,0,255
131,0,255
131,0,255
131,0,255
131,0,255
131,0,255
131,0,255
131,0,255
131,0,255
131,0,255
131,0,255
131,0,255
131,0,255
131,0,255
131,0,255
131,0,255
131,0,255
131,0,255
131,0,255
131,0,255
131,0,255
4,7,7
153,153,153
153,153,153
4,7,7
255,255,255
153,153,153
154,154,154
153,153,153
153,153,153
153,153,153
0,0,0
255,255,255
153,153,153
153,153,153
153,153,153
4,7,7
255,153,255
255,153,255
255,153,255
255,153,255
255,153,255
255,153,255
255,153,255
238,54,150
255,153,255
252,203,152
4,7,7
153,153,153
153,153,153
153,153,153
153,153,153
4,7,7
131,0,255
131,0,255
131,0,255
131,0,255
131,0,255
131,0,255
131,0,255
131,0,255
131,0,255
131,0,255
131,0,255
131,0,255
131,0,255
198,0,251
198,0,251
198,0,251
198,0,251
198,0,251
198,0,251
198,0,251
198,0,251
198,0,251
198,0,251
198,0,251
198,0,251
198,0,251
198,0,251
198,0,251
4,7,7
153,153,153
153,153,153
153,153,153
153,153,153
153,153,153
153,153,153
153,153,153
153,153,153
153,153,153
153,153,153
4,7,7
252,203,152
252,203,152
252,203,152
252,203,152
252,203,152
252,203,152
252,203,152
252,203,152
252,203,152
252,203,152
252,203,152
4,7,7
4,7,7
198,0,251
198,0,251
198,0,251
198,0,251
198,0,251
198,0,251
198,0,251
198,0,251
198,0,251
198,0,251
198,0,251
198,0,251
4,7,7
153,153,153
153,153,153
4,7,7
255,255,255
153,153,153
154,154,154
153,153,153
153,153,153
153,153,153
0,0,0
255,255,255
153,153,153
153,153,153
153,153,153
4,7,7
255,153,255
255,153,255
255,153,255
255,153,255
255,153,255
255,153,255
255,153,255
238,54,150
255,153,255
252,203,152
4,7,7
153,153,153
153,153,153
153,153,153
153,153,153
4,7,7
198,0,251
198,0,251
198,0,251
198,0,251
198,0,251
198,0,251
198,0,251
198,0,251
198,0,251
198,0,251
198,0,251
198,0,251
198,0,251
198,0,251
198,0,251
198,0,251
198,0,251
198,0,251
198,0,251
198,0,251
198,0,251
198,0,251
198,0,251
198,0,251
198,0,251
198,0,251
198,0,251
198,0,251
198,0,251
198,0,251
198,0,251
4,7,7
245,151,153
245,151,153
153,153,153
166,166,166
153,153,153
153,153,153
166,166,166
153,153,153
153,153,153
166,166,166
153,153,153
245,151,153
245,151,153
153,153,153
4,7,7
255,153,255
255,153,255
255,153,255
238,54,150
255,153,255
255,153,255
255,152,255
255,153,255
255,153,255
252,203,152
4,7,7
4,7,7
4,7,7
198,0,251
198,0,251
198,0,251
198,0,251
198,0,251
198,0,251
198,0,251
198,0,251
198,0,251
198,0,251
198,0,251
198,0,251
198,0,251
162,0,197
56,3,43
45,4,26
45,4,26
45,4,26
45,4,26
45,4,26
45,4,26
45,4,26
45,4,26
45,4,26
101,2,109
179,0,222
198,0,251
45,4,26
45,4,26
45,4,26
45,4,26
155,0,188
198,0,251
198,0,251
198,0,251
198,0,251
88,2,90
45,4,26
45,4,26
45,4,26
83,2,81
198,0,251
88,2,90
45,4,26
45,4,26
63,3,52
198,0,251
191,0,241
45,4,26
45,4,26
45,4,26
50,3,35
198,0,251
198,0,251
45,4,26
45,4,26
45,4,26
117,1,132
198,0,251
198,0,251
45,4,26
45,4,26
45,4,26
45,4,26
45,4,26
45,4,26
45,4,26
45,4,26
45,4,26
45,4,26
45,4,26
131,1,152
198,0,251
198,0,251
198,0,251
198,0,251
198,0,251
198,0,251
198,0,251
4,7,7
158,158,158
158,158,158
0,0,0
198,0,251
4,7,7
158,158,158
158,158,158
0,0,0
198,0,251
198,0,251
198,0,251
198,0,251
198,0,251
198,0,251
4,7,7
159,159,159
159,159,159
0,0,0
198,0,251
10,0,6
53,17,37
45,4,26
45,4,26
45,4,26
45,4,26
45,4,26
45,4,26
45,4,26
45,4,26
110,1,122
198,0,251
198,0,251
198,0,251
198,0,251
198,0,251
198,0,251
98,2,105
45,4,26
45,4,26
45,4,26
45,4,26
45,4,26
195,0,247
198,0,251
198,0,251
198,0,251
198,0,251
143,0,170
45,4,26
45,4,26
45,4,26
45,4,26
45,4,26
45,4,26
45,4,26
45,4,26
45,4,26
45,4,26
45,4,26
194,0,246
198,0,251
60,3,49
45,4,26
45,4,26
45,4,26
135,1,159
198,0,251
198,0,251
172,0,213
45,4,26
45,4,26
45,4,26
45,4,26
72,2,65
198,0,251
198,0,251
198,0,251
198,0,251
198,0,251
198,0,251
198,0,251
198,0,251
198,0,251
198,0,251
198,0,251
198,0,251
198,0,251
198,0,251
198,0,251
198,0,251
198,0,251
198,0,251
198,0,251
198,0,251
198,0,251
4,7,7
153,153,153
153,153,153
4,7,7
4,7,7
153,153,153
4,7,7
152,152,152
153,153,153
153,153,153
0,0,0
0,0,0
153,153,153
153,153,153
153,153,153
4,7,7
255,153,255
255,153,255
255,153,255
255,152,255
255,153,255
255,153,255
255,153,255
255,153,255
255,153,255
252,203,152
4,7,7
153,153,153
152,152,152
4,7,7
4,7,7
198,0,251
198,0,251
198,0,251
198,0,251
198,0,251
198,0,251
198,0,251
198,0,251
198,0,251
198,0,251
198,0,251
198,0,251
198,0,251
198,0,251
248,0,229
248,0,229
248,0,229
248,0,229
248,0,229
248,0,229
248,0,229
248,0,229
248,0,229
248,0,229
248,0,229
248,0,229
248,0,229
248,0,229
248,0,229
248,0,229
0,0,0
4,7,7
0,0,0
0,0,0
4,7,7
0,0,0
4,7,7
0,0,0
0,0,0
4,7,7
0,0,0
0,0,0
0,0,0
0,0,0
0,0,0
0,0,0
4,7,7
0,0,0
0,0,0
4,7,7
0,0,0
4,7,7
153,153,153
153,153,153
4,7,7
248,0,229
248,0,229
248,0,229
248,0,229
248,0,229
248,0,229
248,0,229
248,0,229
248,0,229
248,0,229
248,0,229
4,7,7
153,153,153
153,153,153
4,7,7
4,7,7
153,153,153
4,7,7
152,152,152
153,153,153
153,153,153
0,0,0
0,0,0
153,153,153
153,153,153
153,153,153
4,7,7
255,153,255
255,153,255
255,153,255
255,152,255
255,153,255
255,153,255
255,153,255
255,153,255
255,153,255
252,203,152
4,7,7
153,153,153
152,152,152
4,7,7
4,7,7
248,0,229
248,0,229
248,0,229
248,0,229
248,0,229
248,0,229
248,0,229
248,0,229
248,0,229
248,0,229
248,0,229
248,0,229
248,0,229
248,0,229
248,0,229
248,0,229
248,0,229
248,0,229
248,0,229
248,0,229
248,0,229
248,0,229
248,0,229
248,0,229
248,0,229
248,0,229
248,0,229
248,0,229
248,0,229
248,0,229
248,0,229
248,0,229
0,0,0
251,154,156
248,150,153
153,153,153
4,7,7
159,159,159
159,159,159
4,7,7
159,159,159
159,159,159
4,7,7
153,153,153
247,150,153
247,150,153
156,156,156
3,6,6
255,153,255
255,153,255
255,153,255
255,153,255
255,153,255
255,152,255
238,54,150
255,153,255
253,204,153
252,203,152
4,7,7
248,0,229
248,0,229
248,0,229
248,0,229
248,0,229
248,0,229
248,0,229
248,0,229
248,0,229
248,0,229
248,0,229
248,0,229
248,0,229
248,0,229
248,0,229
248,0,229
214,0,194
119,2,100
64,3,45
45,4,26
45,4,26
45,4,26
50,3,30
80,2,61
128,1,109
206,0,187
248,0,229
248,0,229
178,0,159
45,4,26
45,4,26
45,4,26
45,4,26
248,0,229
248,0,229
248,0,229
248,0,229
248,0,229
166,2,147
45,4,26
45,4,26
45,4,26
45,4,26
247,0,228
102,2,84
45,4,26
45,4,26
68,3,49
248,0,229
248,0,229
78,2,59
45,4,26
45,4,26
114,2,94
248,0,229
248,0,229
45,4,26
45,4,26
45,4,26
141,1,122
248,0,229
248,0,229
45,4,26
45,4,26
45,4,26
45,4,26
45,4,26
45,4,26
45,4,26
45,4,26
45,4,26
45,4,26
45,4,26
159,1,140
248,0,229
248,0,229
248,0,229
248,0,229
248,0,229
248,0,229
248,0,229
2,5,5
2,5,5
2,5,5
248,0,229
248,0,229
2,5,5
2,5,5
2,5,5
248,0,229
248,0,229
248,0,229
248,0,229
248,0,229
248,0,229
248,0,229
1,4,4
1,4,4
1,4,4
248,0,229
248,0,229
248,0,229
3,3,5
25,3,16
40,4,24
45,4,26
45,4,26
45,4,26
45,4,26
88,2,69
156,1,138
248,0,229
248,0,229
248,0,229
248,0,229
248,0,229
248,0,229
248,0,229
197,0,178
45,4,26
45,4,26
45,4,26
45,4,26
111,2,92
248,0,229
248,0,229
248,0,229
248,0,229
248,0,229
175,0,156
45,4,26
45,4,26
45,4,26
45,4,26
45,4,26
45,4,26
45,4,26
45,4,26
45,4,26
45,4,26
45,4,26
243,0,224
248,0,229
66,3,47
45,4,26
45,4,26
45,4,26
165,1,146
248,0,229
248,0,229
248,0,229
129,1,110
45,4,26
45,4,26
45,4,26
45,4,26
187,0,167
248,0,229
248,0,229
248,0,229
248,0,229
248,0,229
248,0,229
248,0,229
248,0,229
248,0,229
248,0,229
248,0,229
248,0,229
248,0,229
248,0,229
248,0,229
248,0,229
248,0,229
248,0,229
248,0,229
248,0,229
4,7,7
245,151,153
245,151,153
153,153,153
166,166,166
153,153,153
153,153,153
166,166,166
153,153,153
153,153,153
166,166,166
153,153,153
245,151,153
245,151,153
153,153,153
4,7,7
255,153,255
255,153,255
255,153,255
238,54,150
255,153,255
255,153,255
255,152,255
255,153,255
255,153,255
252,203,152
4,7,7
4,7,7
4,7,7
248,0,229
248,0,229
248,0,229
248,0,229
248,0,229
248,0,229
248,0,229
248,0,229
248,0,229
248,0,229
248,0,229
248,0,229
248,0,229
248,0,229
248,0,229
248,0,229
255,0,160
255,0,160
255,0,160
255,0,160
255,0,160
255,0,160
255,0,160
255,0,160
255,0,160
255,0,160
255,0,160
255,0,160
255,0,160
255,0,160
255,0,160
255,0,160
255,0,160
4,7,7
158,158,158
158,158,158
0,0,0
255,0,160
4,7,7
158,158,158
158,158,158
0,0,0
255,0,160
255,0,160
255,0,160
255,0,160
255,0,160
255,0,160
4,7,7
159,159,159
159,159,159
0,0,0
255,0,160
0,0,0
159,159,159
159,159,159
4,7,7
255,0,160
255,0,160
255,0,160
255,0,160
255,0,160
255,0,160
255,0,160
255,0,160
255,0,160
255,0,160
255,0,160
4,7,7
245,151,153
245,151,153
153,153,153
166,166,166
153,153,153
153,153,153
166,166,166
153,153,153
153,153,153
166,166,166
153,153,153
245,151,153
245,151,153
153,153,153
4,7,7
255,153,255
255,153,255
255,153,255
238,54,150
255,153,255
255,153,255
255,152,255
255,153,255
255,153,255
252,203,152
4,7,7
4,7,7
4,7,7
255,0,160
255,0,160
255,0,160
255,0,160
255,0,160
255,0,160
255,0,160
255,0,160
255,0,160
255,0,160
255,0,160
255,0,160
255,0,160
255,0,160
255,0,160
255,0,160
255,0,160
255,0,160
255,0,160
255,0,160
255,0,160
255,0,160
255,0,160
255,0,160
255,0,160
255,0,160
255,0,160
255,0,160
255,0,160
255,0,160
255,0,160
255,0,160
255,0,160
255,0,160
255,0,160
2,4,4
154,154,154
153,153,153
2,5,5
2,5,5
2,5,5
2,5,5
2,5,5
2,5,5
2,5,5
153,153,153
153,153,153
154,154,154
2,5,5
255,152,255
255,152,255
255,152,255
255,152,255
255,152,255
255,152,255
255,152,255
255,152,255
253,204,153
253,204,153
253,204,153
4,7,7
255,0,160
255,0,160
255,0,160
255,0,160
255,0,160
255,0,160
255,0,160
255,0,160
255,0,160
255,0,160
255,0,160
255,0,160
255,0,160
255,0,160
255,0,160
255,0,160
255,0,160
255,0,160
255,0,160
239,0,150
214,0,134
227,0,142
255,0,160
255,0,160
255,0,160
255,0,160
255,0,160
255,0,160
255,0,160
255,0,160
255,0,160
255,0,160
255,0,160
255,0,160
255,0,160
255,0,160
255,0,160
255,0,160
255,0,160
255,0,160
255,0,160
255,0,160
255,0,160
255,0,160
255,0,160
255,0,160
255,0,160
255,0,160
255,0,160
255,0,160
255,0,160
255,0,160
255,0,160
255,0,160
255,0,160
255,0,160
255,0,160
255,0,160
255,0,160
255,0,160
255,0,160
255,0,160
255,0,160
255,0,160
255,0,160
255,0,160
255,0,160
255,0,160
255,0,160
255,0,160
255,0,160
255,0,160
255,0,160
255,0,160
255,0,160
255,0,160
255,0,160
255,0,160
255,0,160
255,0,160
255,0,160
255,0,160
255,0,160
255,0,160
255,0,160
255,0,160
255,0,160
255,0,160
255,0,160
255,0,160
255,0,160
255,0,160
255,0,160
255,0,160
255,0,160
255,0,160
255,0,160
255,0,160
255,0,160
255,0,160
255,0,160
255,0,160
255,0,160
255,0,160
255,0,160
225,0,142
213,0,133
219,0,137
245,0,154
255,0,160
255,0,160
255,0,160
255,0,160
255,0,160
255,0,160
255,0,160
255,0,160
255,0,160
255,0,160
255,0,160
255,0,160
255,0,160
255,0,160
255,0,160
255,0,160
255,0,160
255,0,160
255,0,160
255,0,160
255,0,160
255,0,160
255,0,160
255,0,160
255,0,160
255,0,160
255,0,160
255,0,160
255,0,160
255,0,160
255,0,160
255,0,160
255,0,160
255,0,160
255,0,160
255,0,160
255,0,160
255,0,160
255,0,160
255,0,160
255,0,160
255,0,160
255,0,160
255,0,160
255,0,160
255,0,160
255,0,160
255,0,160
255,0,160
255,0,160
255,0,160
255,0,160
255,0,160
255,0,160
255,0,160
255,0,160
255,0,160
255,0,160
255,0,160
255,0,160
255,0,160
255,0,160
255,0,160
255,0,160
255,0,160
255,0,160
255,0,160
255,0,160
0,0,0
251,154,156
248,150,153
153,153,153
4,7,7
159,159,159
159,159,159
4,7,7
159,159,159
159,159,159
4,7,7
153,153,153
247,150,153
247,150,153
156,156,156
3,6,6
255,153,255
255,153,255
255,153,255
255,153,255
255,153,255
255,152,255
238,54,150
255,153,255
253,204,153
252,203,152
4,7,7
255,0,160
255,0,160
255,0,160
255,0,160
255,0,160
255,0,160
255,0,160
255,0,160
255,0,160
255,0,160
255,0,160
255,0,160
255,0,160
255,0,160
255,0,160
255,0,160
255,0,160
255,0,160
255,0,103
255,0,103
255,0,103
255,0,103
255,0,103
255,0,103
255,0,103
255,0,103
255,0,103
255,0,103
255,0,103
255,0,103
255,0,103
255,0,103
255,0,103
255,0,103
255,0,103
2,5,5
2,5,5
2,5,5
255,0,103
255,0,103
2,5,5
2,5,5
2,5,5
255,0,103
255,0,103
255,0,103
255,0,103
255,0,103
255,0,103
255,0,103
1,4,4
1,4,4
1,4,4
255,0,103
255,0,103
255,0,103
1,4,4
1,4,4
1,4,4
255,0,103
255,0,103
255,0,103
255,0,103
255,0,103
255,0,103
255,0,103
255,0,103
255,0,103
255,0,103
255,0,103
0,0,0
251,154,156
248,150,153
153,153,153
4,7,7
159,159,159
159,159,159
4,7,7
159,159,159
159,159,159
4,7,7
153,153,153
247,150,153
247,150,153
156,156,156
3,6,6
255,153,255
255,153,255
255,153,255
255,153,255
255,153,255
255,152,255
238,54,150
255,153,255
253,204,153
252,203,152
4,7,7
255,0,103
255,0,103
255,0,103
255,0,103
255,0,103
255,0,103
255,0,103
255,0,103
255,0,103
255,0,103
255,0,103
255,0,103
255,0,103
255,0,103
255,0,103
255,0,103
255,0,103
255,0,103
255,0,103
255,0,103
255,0,103
255,0,103
255,0,103
255,0,103
255,0,103
255,0,103
255,0,103
255,0,103
255,0,103
255,0,103
255,0,103
255,0,103
255,0,103
255,0,103
255,0,103
255,0,103
255,0,103
255,0,103
4,7,7
153,153,153
153,153,153
153,153,153
153,153,153
153,153,153
153,153,153
153,153,153
153,153,153
153,153,153
153,153,153
4,7,7
252,203,152
252,203,152
252,203,152
252,203,152
252,203,152
252,203,152
252,203,152
252,203,152
252,203,152
252,203,152
252,203,152
4,7,7
4,7,7
255,0,103
255,0,103
255,0,103
255,0,103
255,0,103
255,0,103
255,0,103
255,0,103
255,0,103
255,0,103
255,0,103
255,0,103
255,0,103
255,0,103
255,0,103
255,0,103
255,0,103
255,0,103
255,0,103
255,0,103
255,0,103
255,0,103
255,0,103
255,0,103
255,0,103
255,0,103
255,0,103
255,0,103
255,0,103
255,0,103
255,0,103
255,0,103
255,0,103
255,0,103
255,0,103
255,0,103
255,0,103
255,0,103
255,0,103
255,0,103
255,0,103
255,0,103
255,0,103
255,0,103
255,0,103
255,0,103
255,0,103
255,0,103
255,0,103
255,0,103
255,0,103
255,0,103
255,0,103
255,0,103
255,0,103
255,0,103
255,0,103
255,0,103
255,0,103
255,0,103
255,0,103
255,0,103
255,0,103
255,0,103
255,0,103
255,0,103
255,0,103
255,0,103
255,0,103
255,0,103
255,0,103
255,0,103
255,0,103
255,0,103
255,0,103
255,0,103
255,0,103
255,0,103
255,0,103
255,0,103
255,0,103
255,0,103
255,0,103
255,0,103
255,0,103
255,0,103
255,0,103
255,0,103
255,0,103
255,0,103
255,0,103
255,0,103
255,0,103
255,0,103
255,0,103
255,0,103
255,0,103
255,0,103
255,0,103
255,0,103
255,0,103
255,0,103
255,0,103
255,0,103
255,0,103
255,0,103
255,0,103
255,0,103
255,0,103
255,0,103
255,0,103
255,0,103
255,0,103
255,0,103
255,0,103
255,0,103
255,0,103
255,0,103
255,0,103
255,0,103
255,0,103
255,0,103
255,0,103
255,0,103
255,0,103
255,0,103
255,0,103
255,0,103
255,0,103
255,0,103
255,0,103
255,0,103
255,0,103
255,0,103
255,0,103
255,0,103
255,0,103
255,0,103
255,0,103
255,0,103
255,0,103
255,0,103
255,0,103
255,0,103
255,0,103
255,0,103
255,0,103
255,0,103
255,0,103
255,0,103
255,0,103
255,0,103
255,0,103
255,0,103
255,0,103
255,0,103
255,0,103
255,0,103
255,0,103
255,0,103
255,0,103
255,0,103
255,0,103
255,0,103
255,0,103
255,0,103
255,0,103
255,0,103
255,0,103
255,0,103
255,0,103
255,0,103
255,0,103
255,0,103
255,0,103
255,0,103
255,0,103
255,0,103
2,4,4
154,154,154
153,153,153
2,5,5
2,5,5
2,5,5
2,5,5
2,5,5
2,5,5
2,5,5
153,153,153
153,153,153
154,154,154
2,5,5
255,152,255
255,152,255
255,152,255
255,152,255
255,152,255
255,152,255
255,152,255
255,152,255
253,204,153
253,204,153
253,204,153
4,7,7
255,0,103
255,0,103
255,0,103
255,0,103
255,0,103
255,0,103
255,0,103
255,0,103
255,0,103
255,0,103
255,0,103
255,0,103
255,0,103
255,0,103
255,0,103
255,0,103
255,0,103
255,0,103
